-0.20013896899809716
-0.3293222008375208
-0.4581656489726078
-0.36521686694532685
-0.313160315074728
-0.3701405649715211
-0.07429237092610304
-0.44037026887965036
-0.38667389130551405
-0.3324161319589956
-0.017879834175064935
-0.3374348005857808
-0.38835381570707883
-0.07844786231640585
0.009397832772453494
0.3118813061124942
-0.43334244443591835
-0.3648264322540084
-0.3051595695893863
0.10897134180540258
-0.07516187953595818
-0.11956802191450636
-0.3027346535876301
-0.3502516107499804
-0.1160646619815949
-0.021750413763594822
0.5084620075046452
-0.08063851750337096
-0.08164942678521711
-0.4375654704755303
-0.382925718268857
-0.3024940613994663
0.03290411164761483
-0.12326343350639067
-0.07181047256399227
-0.20950095975857622
-0.3777550966811262
-0.05351491397458901
0.09842116330864091
0.6677087105755891
-0.02378700553182347
-0.02068041166360319
-0.3319940404008135
0.03373563201723357
-0.04892466827935863
-0.08555799461398338
-0.23217571826411879
-0.09359883879735245
0.1781880259738948
-0.12036788541726144
-0.09539905929299912
-0.14918196563656272
-0.12850158974343057
-0.19877350280737804
-0.109623544803736
-0.128467822418776
-0.23711418949484941
6.620987238692147
1.7354821671400196
-0.11328518907096576
-0.0607769992331121
-0.4581656489726078
-0.35402510928012837
-0.2864609135619191
-0.423302996724557
-0.22557631675194162
-0.43440611516253724
-0.4249470433436763
-0.4332305901730001
-0.3197491642979507
-0.11302349230489285
-0.37034527937723943
-0.26771160654747006
-0.34142989718397443
0.05117223428573626
-0.43569349441499267
-0.36541524997767244
-0.181227156733748
0.1256692838470866
-0.35038034867522594
-0.21103104165698633
-0.29174761032814994
-0.42704272793005044
-0.26671969138574214
0.0509400839287361
1.1857205753545754
-0.14176581695930318
-0.13304329490947
-0.4326037842090997
-0.3525456783687001
-0.16304556286505392
0.13246917884940027
-0.32008050617112366
-0.1646874990263823
-0.2132934524088424
-0.42618377160914983
-0.24547793372022778
0.10297342076363489
1.263322108326355
-0.10164812481188516
-0.06997859520148195
-0.43497804922387395
-0.33167958218996785
-0.3520750462813271
-0.10727038436687078
0.09278835146470074
-0.34167048937213823
0.034191490900070245
-0.18037242132842926
-0.10763127264911647
-0.34733706854073293
-0.2231091915943672
-0.2592106825656825
-0.14231242552714898
-0.16926719243265811
0.01330640060121977
6.402681484800364
3.4617268962996945
-0.13147311431303257
-0.049260231068113405
-0.4581656489726078
-0.36577191734433634
-0.28634905929900084
-0.4213803696770375
-0.2367511907548128
-0.4377554116767122
-0.4229864280559204
-0.4290054536755972
-0.3023315561495662
-0.11891377999932409
-0.375496906844852
-0.2562096115870078
-0.32613329911545497
0.20213961144293824
-0.4370209723654754
-0.3731268627456595
-0.18107942468838428
0.06264890375270765
-0.3418836456090202
-0.20362544526868132
-0.2939488178040696
-0.42492382830797626
-0.2672789627003334
0.042453933151484914
1.0983370705219255
-0.16116936588893446
-0.14583055866459682
-0.43742195934574835
-0.363374437293862
-0.20259132095113516
0.052311881492827936
-0.33822411179958134
-0.15584468088246722
-0.21948553556737385
-0.42493860151251267
-0.245684758583737
-0.027267150429034912
1.1223435278935325
-0.12572422729059232
-0.0863240907920839
-0.43147891020654433
-0.3055162369560502
-0.3486898719847066
-0.13315937008797007
0.07577173029658923
-0.3351111865579883
0.18408253458390786
-0.17217118235295098
-0.12661695093614747
-0.3621208253660611
-0.21503035917076174
-0.25972352380887376
-0.15823371910177794
-0.17758872750221827
-0.010419365884196258
6.916835432737566
3.3536883410674037
-0.2212443493926153
-0.3365705921200674
-0.45372158349847974
-0.3671072021973612
-0.31129010935224505
-0.37119027680264394
-0.0698779908169704
-0.43757814390273964
-0.3872060371924859
-0.33551723867140815
-0.012456927947759483
-0.3439148064426639
-0.3919301678107154
-0.08326834753553285
0.011381843786796877
0.3227541872038576
-0.4320905980325779
-0.3719084723358207
-0.30598610234056184
0.10357687037904453
-0.08531387481335855
-0.11456305289784657
-0.31250306180827697
-0.36169945583088575
-0.12185938751823132
-0.011555193556104204
0.5619398995862843
-0.07603319253464094
-0.07379348646451189
-0.4341095254758415
-0.3862085433964071
-0.3042358332263755
0.06110491453373529
-0.12151092968546777
-0.06042972958051154
-0.21249300382168354
-0.3786009907116457
-0.08446534009082747
0.08908262052615482
0.8491329933863937
-0.001556315744209833
-0.006376205766862826
-0.32580297908932826
0.043743202515050914
-0.08585651143842543
-0.09582346944884527
-0.24252155705884118
-0.02322454097849862
0.20836425865299157
-0.13257380087984624
-0.10601386606958679
-0.13835394493019115
-0.1374867903234666
-0.21311011998352433
-0.11787473230082834
-0.13591208011739012
-0.24689190987739465
6.5301953199709155
1.6003362612712775
-0.14044469192677242
-0.05552206010380362
-0.45372158349847974
-0.3511419814931872
-0.2937634783592757
-0.42276203605164847
-0.21669577768249576
-0.43263589464110097
-0.4236398305921979
-0.4304254483889903
-0.32199388278003516
-0.10605908578834236
-0.3648488762430387
-0.267264723168509
-0.3399461111259982
0.018672858440269204
-0.43330621047206597
-0.3612951383455418
-0.1966129025881083
0.0018245232286334089
-0.3549324579182868
-0.21715063485350772
-0.30174608871136266
-0.4248102233129304
-0.2509749844826774
0.12514667622545353
1.266729116143755
-0.14574071898808705
-0.13524708425333756
-0.4304520482235524
-0.3429492324480596
-0.17445524039787683
0.2044301431212566
-0.3163573778363256
-0.1641079047532189
-0.22837310505525882
-0.42410266771357846
-0.23647807464633147
-0.016965599906035876
1.3697130356343916
-0.07067066588692104
-0.05858636104535783
-0.4306675068835054
-0.3270132715619039
-0.34961249100586633
-0.0834359264932741
0.09781002624598069
-0.3378234443279424
0.02177705913366658
-0.1780568579975855
-0.09999698349163919
-0.3431088314554322
-0.21869342525810967
-0.2697651076173467
-0.11000118127044597
-0.1618016990966846
0.02137806161523504
6.367808649936191
3.320866760417199
-0.1575217857156423
-0.0388253439491718
-0.45372158349847974
-0.36552451204091607
-0.2959473247768243
-0.42096388723525036
-0.2351853226866133
-0.4357214754503049
-0.4249937621714089
-0.4289198977527752
-0.3086354458629472
-0.12367881620227913
-0.3803193400243576
-0.26838723618702975
-0.3385629197287689
0.19811800237966964
-0.43511499922228897
-0.3743955568673773
-0.1863533463975053
0.10016677158818298
-0.355339435387087
-0.2203878347197156
-0.3024908840791015
-0.4243766460095681
-0.27091688045388573
0.02597185304411016
1.162699823154828
-0.165121358450035
-0.15650301205191375
-0.43485698082703655
-0.36261449013982205
-0.22510664537103262
0.011384503770253088
-0.34587521424989087
-0.15745262614578082
-0.23416654902288475
-0.42542467949131496
-0.2386672410307925
-0.005344132185853245
1.1897864346894171
-0.1273469333883931
-0.08131857966213073
-0.4302525494643366
-0.3093323615284743
-0.3537062055449739
-0.11903182510427981
0.07424257282395777
-0.34024668925655
0.19960493313169117
-0.17256665214396752
-0.121463049983256
-0.36616024808695036
-0.22656963627194826
-0.2739120218255785
-0.15303705360847178
-0.18922878851366862
-0.033962894191219443
7.101801824859394
3.2317759345183488
-0.19668036786891085
-0.3298864883759609
-0.45425056644959205
-0.36414337865022656
-0.3122250826817641
-0.3687926090416363
-0.07631916376642033
-0.43764941207636304
-0.3851187784465929
-0.32839533277481364
-0.021537622252028665
-0.33207219363923957
-0.3856545739002371
-0.07623695176559663
0.020050310578447725
0.3220008151210313
-0.4300008611031779
-0.35972093998522703
-0.29956443455491283
0.09106730480723191
-0.07802860640423746
-0.11854778322400562
-0.30232562382395745
-0.3529540418484617
-0.11162213087875315
-0.00010580410626169072
0.5066262897984414
-0.07798041316237528
-0.08195777306429473
-0.4349931139807832
-0.3797976775656928
-0.2989010687551629
0.042885402531378014
-0.12572007157172924
-0.07859558572026304
-0.21098242111565615
-0.3725998751487481
-0.05128419206731079
0.11981032123314876
0.6338621181077421
-0.036687309576232195
-0.03567525149712653
-0.32998003996310515
0.04930077349220746
-0.03462350486589908
-0.08726186456571405
-0.23181891097959625
-0.0736940495332219
0.1922050751998751
-0.12001625965251188
-0.09991967779598515
-0.14281166305332038
-0.126091443023726
-0.19741177118658385
-0.1021592460942862
-0.12256766657462699
-0.23163464270188794
6.520544711019401
1.7086451189453147
-0.133893078412238
-0.08897697699669144
-0.45425056644959205
-0.3601433395756661
-0.27794551323485744
-0.4197640495523361
-0.2265403335473981
-0.4331192473413186
-0.42110212073815645
-0.4298846303433927
-0.3291437454719674
-0.12940827202247562
-0.3727642991503955
-0.2512039337945109
-0.34139049869812
0.03352173912721554
-0.4324048534031264
-0.3642312604442105
-0.20779883225617252
0.1329500668820416
-0.34300355485221273
-0.20953095406663066
-0.2912071594366958
-0.4233445239330376
-0.25573409852955525
0.054366733680896034
1.2960060774316369
-0.1394211267434874
-0.13518862614935645
-0.43114899421812974
-0.3593552383263905
-0.17534493620686822
0.14360927802332252
-0.3339999233137265
-0.17210464941578205
-0.21165996139830673
-0.42227293302574925
-0.23517826342704784
0.08256544996342832
1.4100426272638622
-0.1026780321684496
-0.08452051957273037
-0.430888183732758
-0.3312954319762845
-0.35030057864946196
-0.09226262213305968
0.046933634847800665
-0.3437292883767255
0.03214964918243363
-0.18488436319899865
-0.12067112076252143
-0.3537563175806379
-0.22119371859727688
-0.26234224245783344
-0.12797381435293093
-0.17561992117514064
-0.005557310229847655
6.502786918841479
3.2652017841961447
-0.15054809582048945
-0.07714978846439781
-0.45425056644959205
-0.3706948246469021
-0.27892638745158166
-0.4196336443096502
-0.23476153362976904
-0.43432124349129286
-0.4190581603038842
-0.42731904893837697
-0.31475097553465803
-0.13850545514810608
-0.3776488259579559
-0.2440146360673065
-0.3339772441410855
0.15685391484568012
-0.43372875010604617
-0.37578346400823176
-0.19640538290063844
0.15413241412875733
-0.3412090653169918
-0.20403408959776265
-0.2903793696352984
-0.4213090681885058
-0.26015937209113493
-0.00011147389942194653
1.225573071898359
-0.1495105236721626
-0.14695061206030713
-0.4337996225205493
-0.36530285135149887
-0.22683799768831153
0.01194534125586204
-0.34539337266926057
-0.16628177184019932
-0.2147188148082647
-0.42139978487906987
-0.23440150176409277
0.026752006093870094
1.2306872253289098
-0.13669395623340436
-0.09637322217424514
-0.4292014202675819
-0.31874817971263836
-0.3485429427697827
-0.11789008721741595
0.03921988125327263
-0.339306849711726
0.157250800366898
-0.17853986465267238
-0.1351546073903949
-0.36336378209069137
-0.21927732850911041
-0.26142090106929183
-0.14669263647151548
-0.18298498249031295
-0.03734500558282187
7.008943528740416
3.2034549017843785
-0.17566855732470632
-0.31582490362668975
-0.44321283528781397
-0.35008447770884865
-0.29225244582818044
-0.35190074181832376
-0.07751234416371772
-0.42477736482039513
-0.3702036951618753
-0.3197302612183079
-0.03573047452085725
-0.3204630029620446
-0.36982952916507356
-0.07274172770449559
0.011827582697630007
0.3343898524404595
-0.41776954750529594
-0.3478160963532381
-0.2915119089595103
0.06972977070269858
-0.06663814488166728
-0.11754031069657005
-0.2860319361313516
-0.33465792546571044
-0.10586321354638255
-0.017006584430903735
0.47742259984285623
-0.08564265946922209
-0.08812930432296696
-0.422516778589718
-0.36782618205719764
-0.2916132455836441
0.021010239869139267
-0.11437548997362203
-0.07915711552465868
-0.19252941255558453
-0.3592437495055578
-0.04245766733835512
0.11419316332263814
0.6196602445020494
-0.04183405734368556
-0.03894986111833885
-0.3158326987516231
0.02717618369143453
-0.025596812107476913
-0.0901092660560428
-0.2199994328207786
-0.07680298779478109
0.1814495012477501
-0.11383762635321953
-0.10468614968144375
-0.12660604099407877
-0.11861603793737503
-0.17972981741499183
-0.1113431863745413
-0.12107150229138643
-0.22052170619131437
6.210370617464247
1.7865670616526617
-0.1523533386489982
-0.10446009105837605
-0.44321283528781397
-0.36196424810730377
-0.253066352788132
-0.4168029520135581
-0.20718424743031919
-0.42611812630893464
-0.41794104025383005
-0.42361589120532306
-0.327876166773679
-0.1340269999306465
-0.3710299784048125
-0.2514527619269245
-0.34355995813961837
0.07294915730018017
-0.42601678968480083
-0.37011015366267486
-0.22048273056664752
-0.04326056520649218
-0.37099100278014563
-0.20593702744098005
-0.28882259085749784
-0.4181904842516979
-0.2822746859134675
0.07822645688007132
1.705918699092021
-0.1858411953627535
-0.14607046795270237
-0.42484752094479544
-0.36413908796371386
-0.20282677259256562
0.23434721904559547
-0.34875930647017583
-0.15916627784076312
-0.2015561672284264
-0.41898558699490157
-0.2759684298423716
-0.14806601993564497
1.819189659498813
-0.1064868235410521
-0.08848008494496859
-0.42470720869599476
-0.3357960137059824
-0.37167697377428216
-0.1392731190108042
0.02829868168183974
-0.3458595199949624
-0.010248211113672388
-0.21569652385755866
-0.16442019204585415
-0.3670622598137274
-0.24227010475541524
-0.27806531844944793
-0.15362394401313742
-0.1983133952561447
-0.014551120076892346
6.547774805080213
3.106803986242652
-0.158636209345294
-0.09020280755524324
-0.44321283528781397
-0.3684653823017339
-0.264353693691651
-0.4152751075266177
-0.2084080820448582
-0.4271860584248063
-0.4179644256286302
-0.42377179370399043
-0.32412671168072826
-0.14622637045136977
-0.3795266645821852
-0.25006522968878475
-0.34773814510390444
0.1838270143524278
-0.4261960775582684
-0.379269425459384
-0.2101931656545998
0.057694097805576085
-0.3716613835244154
-0.20499381732404234
-0.29214331407911326
-0.4186971673723669
-0.2889395177314984
-0.03633849426566007
1.6987160036535875
-0.18309731138620744
-0.15148807978139417
-0.4259310433105338
-0.3707259685324111
-0.2458324768499651
0.05493462357916328
-0.3556346066614077
-0.15476982737834272
-0.20793257942392265
-0.41990541173703916
-0.2726710919955563
-0.10599573067024982
1.5617790439490857
-0.13029313508756252
-0.09878524010688305
-0.42561144318826566
-0.33103319237169365
-0.3708662807812117
-0.14319406685228903
0.030013609167181026
-0.3483383697237739
0.0913144716431987
-0.2123134396364763
-0.17267522935029245
-0.37670482935630545
-0.24010306002393852
-0.2819940614158662
-0.16754603714413532
-0.20814304779712361
-0.05182740750826525
7.0208531421614735
3.0478728417463787
-0.19778674074860672
-0.32971111403885683
-0.4557259006780978
-0.36447282777471235
-0.3130379778303443
-0.36949359353022704
-0.07736938114292238
-0.43856188751389663
-0.3863144694050148
-0.33152211639965
-0.026299114568556096
-0.33340698859358076
-0.3864383800928585
-0.07966649466371789
0.02568380187973621
0.3215491638807845
-0.43071023912072115
-0.3604671765003791
-0.30082086058852014
0.08922615576514362
-0.07655443008056548
-0.11918923829018482
-0.30536266387756184
-0.3532064867723046
-0.11082050106504604
-0.002660767964519439
0.5063905495738413
-0.079027878041754
-0.0851686057835486
-0.4362933687672189
-0.3811674100638133
-0.29818775847184065
0.04233549200766042
-0.1291044762155272
-0.07853700108606533
-0.21366398907750753
-0.37364460157299234
-0.05018528254828023
0.11774467715194914
0.6309779804050363
-0.03105776156132436
-0.03518494062565818
-0.3295752888617974
0.04418700363178708
-0.03655987268115507
-0.08974615254023754
-0.2321028525877934
-0.07242486811838851
0.19028723619092977
-0.1211003223603902
-0.09973764319656071
-0.14482921908246651
-0.12558970189688265
-0.19950481009351703
-0.1050681856716847
-0.1254896201874704
-0.2330989038862296
6.575895857734568
1.711371947999512
-0.12499636033393859
-0.0859835568459055
-0.4557259006780978
-0.35916134848233355
-0.28129777855960153
-0.4201802135518463
-0.2350338169348665
-0.43459197970721064
-0.4224677954812692
-0.43151327569386233
-0.3309097116539607
-0.12214164871784626
-0.3720623574051415
-0.25123037357474926
-0.341670878313621
0.032027075938198465
-0.43315032651210555
-0.36329329334235366
-0.19536333364212433
0.19604908317566372
-0.3385230702628213
-0.20891963947179817
-0.2904504891751363
-0.42386417361735446
-0.2626516029369617
0.018211034243621395
1.229192569438341
-0.13342705290299925
-0.1326883545716231
-0.4326523008628875
-0.3573074539603638
-0.16390193341902998
0.1071979712981723
-0.33776054295301366
-0.1739839741933928
-0.20965595490533115
-0.4220841489285223
-0.23175971529837996
0.14676598998365906
1.3392204944478963
-0.11454735329173085
-0.08259269321510468
-0.43266659824994635
-0.3309811985892552
-0.3446042255585372
-0.09219815442083773
0.05781956219244169
-0.3447805599989302
0.031450414660156446
-0.18263389336402314
-0.11580075755722714
-0.35848222259703616
-0.221227306831662
-0.25931078016086706
-0.13864321628165208
-0.17326672194260498
0.006987585402390282
6.489065443228067
3.3181528149412567
-0.14294196399069262
-0.07059956837053649
-0.4557259006780978
-0.371302212993177
-0.27733978524213126
-0.419934775074002
-0.23732854755781885
-0.43516864098525265
-0.4190316567914486
-0.4278698248916877
-0.3146130733046657
-0.13136346337083232
-0.3769758927577144
-0.24743441731061314
-0.33500829594417675
0.16419212191060664
-0.43514957780250746
-0.3732418918375002
-0.1817450724685286
0.13484435207438533
-0.3410537077722454
-0.20126100580391773
-0.28685707922766784
-0.422720382652643
-0.2613672209995045
0.02318414204227306
1.1661982820568577
-0.1484083316428761
-0.14423111172383615
-0.4342679056005424
-0.36487315461236136
-0.2191637172994951
0.032339235555650964
-0.34313397758931435
-0.1656247685596266
-0.21107854491769104
-0.42148842446773505
-0.23588212856702748
0.019338144923430806
1.1737687485045416
-0.1363461027608566
-0.09409732400182737
-0.4305863284328774
-0.3181492937038986
-0.34912696566483375
-0.11992317082587467
0.048907524259064965
-0.3411609381751871
0.1639371518413897
-0.1743843010310418
-0.13180191657397172
-0.3610509864719506
-0.21809617906576442
-0.25658474502830475
-0.15190404277877548
-0.18128993898048718
-0.025503226688944378
6.966996114934903
3.2504856648893585
-0.2149948411770349
-0.32738985833714906
-0.4540419212364561
-0.36195355079353675
-0.3137858945217178
-0.37025647536814305
-0.0784816231481817
-0.43886826928847505
-0.3876108862545326
-0.33917206731261385
-0.03387345432049019
-0.3375068993666486
-0.38858096115883345
-0.07729003507675707
0.015287192010849295
0.32796066579118116
-0.43113440440182477
-0.36357670762159916
-0.3045587253532501
0.10445769935579291
-0.07207301807173766
-0.11948065502876974
-0.3086299845972843
-0.3536506262189305
-0.11498928460570766
-0.02433311136401986
0.5104722387310547
-0.08261398947280175
-0.0821633247534809
-0.43601533246362184
-0.3821608985047796
-0.30424173237271085
0.014072688784204954
-0.13515462119904767
-0.07274519595818232
-0.2164003040305101
-0.3780017978324032
-0.05397004544817107
0.10017638452224478
0.6977081528387239
-0.027113483530677347
-0.022797795964299657
-0.334787634280577
0.016795773062813178
-0.04868046378495594
-0.08356114922188287
-0.23124932461287867
-0.09290671335898572
0.18023429847481923
-0.11587151808166628
-0.09310531137088982
-0.1537464504673013
-0.1285703332659192
-0.2019522986644864
-0.10687731965793225
-0.11961050757501474
-0.2405757927872984
6.756391170692799
1.637550329019686
-0.12772247252279015
-0.08434408369188945
-0.4540419212364561
-0.3597995262028845
-0.28912536831277913
-0.4170874142521459
-0.2004628135752056
-0.4292286273260527
-0.41854634580113376
-0.43127953371821626
-0.32521291859127716
-0.12837937363908836
-0.3700005894681897
-0.26370100359651694
-0.3515653470939374
0.043369714732597216
-0.4316041650838287
-0.3634506742678908
-0.21497956440688842
0.11915013304416014
-0.3509619146731518
-0.20863206641103027
-0.2920585081809013
-0.4218614049229177
-0.2346560443555414
0.22087814544950185
0.9532503254637957
-0.13523100504978
-0.11518406342507514
-0.4266468531712993
-0.3483954172885449
-0.19829351221440691
0.3300268489534912
-0.28628388906553576
-0.1570004025084993
-0.20275814828971267
-0.4198066793382175
-0.2332964118125056
0.09659016273036101
1.0036369325993895
-0.07866494438993933
-0.04952068614301177
-0.4334641118491614
-0.33777424284421187
-0.35507136584255217
-0.09537773093017718
0.05965475170873391
-0.34566851381740005
0.047150715343848466
-0.17765841493906298
-0.10450560109269283
-0.3261638975328949
-0.2153462068904037
-0.2681885548270424
-0.10292445538253321
-0.15779861374865237
-0.005989529610646374
6.556521367674
3.315485835634795
-0.15147785010055054
-0.07107238962714389
-0.4540419212364561
-0.3679191295357332
-0.28185744491559617
-0.408211610797047
-0.2078491319410237
-0.43391095737594565
-0.4126495125245965
-0.41964245405914297
-0.29085164333933017
-0.12973518698958753
-0.37577520858355523
-0.21963134091648845
-0.31037535558651846
0.21742177620386308
-0.4319899035300271
-0.36894267313554663
-0.20568746896529824
0.12270580129575097
-0.30787760366757067
-0.179724598101373
-0.2881171014831121
-0.41172144873819844
-0.23735621347892993
0.016994371074717286
0.8708283313310551
-0.13775931050902074
-0.1291852232643146
-0.4330898309805729
-0.36298473277842347
-0.23848287527723205
0.029521322594822434
-0.3205344077339208
-0.13333668555161776
-0.20635200846666968
-0.4163464909000421
-0.20700509039043125
0.0247358743464408
0.9465170890217393
-0.1226238504864059
-0.07565160147854819
-0.4230033434913663
-0.2951482349430248
-0.32409007598551165
-0.10903516344112109
0.05291005768906754
-0.3209239653726558
0.21756690552025454
-0.158860349273832
-0.118220321491686
-0.34202500413746706
-0.1970866473728358
-0.25456549504892806
-0.14338880030799483
-0.16659421416048228
-0.023775509253673718
6.981486740415957
3.1457991112328827
-0.19510751626275494
-0.3219042788173817
-0.44211206905444816
-0.35305438842957504
-0.29846812337498785
-0.3579196449967329
-0.0772526197707711
-0.4245182807055126
-0.37314024353624137
-0.32865996880634346
-0.04279425167042095
-0.3295819900151374
-0.37641950764676313
-0.07262221766245697
-0.009555097149623784
0.2986681845806695
-0.418140967344688
-0.35644963005063696
-0.2991349940605935
0.08301235288796958
-0.06910954881197322
-0.11299978795699826
-0.29476264191323115
-0.3413812519937124
-0.11837534557053263
-0.03660540176422403
0.46941752419223665
-0.0759710682793028
-0.0750070052229381
-0.4222306243101088
-0.3715861448950038
-0.29684878738407144
0.00357790620016257
-0.13220856314020493
-0.07139140633184998
-0.2043944154192547
-0.36461589651154286
-0.05599249236988612
0.08545657892260253
0.6629651429382271
-0.022022679532686225
-0.01672540673876644
-0.3243427059764877
0.004698538895756438
-0.05777419687555865
-0.07795283399065704
-0.22597348097412498
-0.10603678816794607
0.15891528437983007
-0.1169995623517505
-0.08309498686422942
-0.15421674548407363
-0.1282174870587432
-0.19197757319705358
-0.11165879799137816
-0.11744897520509345
-0.2345514675974483
6.650970995257307
1.6716273509811406
-0.11542226820840493
-0.04378151022889369
-0.44211206905444816
-0.34739323619633566
-0.27937532570232126
-0.4120318519769874
-0.24172467662435446
-0.4216724825406345
-0.41233194378550997
-0.41993426960141456
-0.3151413402340112
-0.09783282901611462
-0.35932732203091355
-0.2714975532988839
-0.3345371291529638
0.04033407872808875
-0.42237994535492923
-0.3585053314249605
-0.17763985345653177
0.047466695626305865
-0.3520381354934673
-0.20953221913618184
-0.2854626952867956
-0.41481966138659543
-0.2737257712201359
-0.00451007544112875
1.2770196702439238
-0.15932845426112924
-0.13915271658379436
-0.42022421337776483
-0.34391826003677745
-0.16628565517465443
0.07101592914147636
-0.3340456744520501
-0.1634079631943778
-0.21634879731817713
-0.41365988628119427
-0.24224802514066673
0.032211303833635394
1.3419583778330981
-0.11997293577822271
-0.07434593341285944
-0.4206707267933443
-0.3172289354237333
-0.3475324092089838
-0.11188930329357664
0.10053220557393582
-0.3336817950127305
0.04754643016480219
-0.16721057582121185
-0.10129620742461883
-0.3589344482139589
-0.21597766928444875
-0.2516320554622438
-0.1570480464601342
-0.16528824858400942
0.020285916312347992
6.4175909005163145
3.3580969238736524
-0.13641854677281112
-0.03473671412564641
-0.44211206905444816
-0.3579674857198307
-0.28555692701410945
-0.4124087788862428
-0.24911824292128684
-0.4235600165246749
-0.4124232760750603
-0.41844105915321056
-0.30243600395434156
-0.10788517974217915
-0.36786761596331136
-0.2669628326367654
-0.3268782643006709
0.17978978655816916
-0.42362380415547196
-0.3666179582872416
-0.17067975310524305
0.05816272153586804
-0.35134951902463535
-0.20560348096663542
-0.2919588855959238
-0.41538360203159674
-0.2770876693069175
-0.04621268879359086
1.1687836585323608
-0.16704530786869218
-0.14637231661491656
-0.42288589724466047
-0.35384303550124785
-0.20716627792116346
-0.03933377269968025
-0.3463972793245724
-0.16151463033481042
-0.22403520682922332
-0.41341053463353306
-0.24644641102221893
-0.02261996371196782
1.1813846150525444
-0.14945296923863838
-0.09208324393108838
-0.41978639827547587
-0.30349574845690186
-0.3512625358917303
-0.13724923569205472
0.08253974453251861
-0.3302401623874525
0.1901523771249285
-0.16521866207768537
-0.11650230877530976
-0.36813001508090837
-0.21432498975925213
-0.2570351577345315
-0.17374300910238388
-0.17448961432648585
-0.008215556902885448
6.9572299079028275
3.2875478042121
-0.20358653605968297
-0.32907976807585376
-0.4497819317157627
-0.36148397476683997
-0.30817617295301397
-0.36457155216487536
-0.08149823853484696
-0.4326108655031474
-0.3827735170644342
-0.3348546434413437
-0.03822403953207698
-0.3326925202766717
-0.38361297776283904
-0.08081540891797374
0.0016994828049868155
0.30061403405345016
-0.4259955057066936
-0.3595839271372797
-0.3002524829461194
0.07761539445243804
-0.08128120723233254
-0.1171701995542579
-0.3048633743919919
-0.35067847760627513
-0.1185481435787127
-0.026727522894166668
0.5118653425395895
-0.07684537405405423
-0.07629358220473689
-0.43002696452415495
-0.3781196288510824
-0.30328068385573104
0.020904705612395318
-0.1320542472299995
-0.07543262312259241
-0.20976169085575375
-0.37234168228791537
-0.05739445543247845
0.08355099582969575
0.682045524489992
-0.02188322042483527
-0.019104810259627025
-0.32968479401824063
0.013335227070925252
-0.055408414267959664
-0.07870447238125326
-0.23039194938533245
-0.09234877992800916
0.16728617676302043
-0.11669928257710396
-0.08523281491018951
-0.15100046569997333
-0.1282643892964693
-0.20333981651295666
-0.10570644235823656
-0.12200016976776289
-0.23972327166089366
6.741672101274216
1.6593180287938238
-0.10820946846506566
-0.03497266492459673
-0.4497819317157627
-0.34994036643121423
-0.28639012036429007
-0.41729275522237697
-0.23954616592818143
-0.4281617238016017
-0.41812300232775057
-0.4258327322298078
-0.3169669644374072
-0.08814328657551267
-0.36290286809365596
-0.27329555720173343
-0.3360032713725757
0.04116846788584116
-0.4283613516506126
-0.35869942220627754
-0.16644961374829964
0.060960289449574025
-0.3515332942930654
-0.21104852268245486
-0.29060585104237685
-0.4199186292362897
-0.26403180127506826
0.06592948729110712
1.1316995763928726
-0.15341852200440292
-0.1350947329303195
-0.42580406771815493
-0.34207093424994833
-0.15198017775896533
0.130449208091433
-0.32765677981880165
-0.16326068682692024
-0.21705066667604953
-0.41779233671118376
-0.2385654301366304
0.0517876457206625
1.1665648361557674
-0.10808662055798202
-0.0683985567094952
-0.4264234259163683
-0.3157354141688937
-0.34282133021571753
-0.10358731596104383
0.11973891805885796
-0.3342107156617136
0.05846340573809911
-0.16354528447833067
-0.09474840904637619
-0.3513705208161796
-0.21196681078790502
-0.25325189742847914
-0.1395070202597401
-0.15917292271871225
0.037419559254672184
6.351797888423351
3.4557526623220522
-0.12589342468975512
-0.024706674822640846
-0.4497819317157627
-0.36206443112781017
-0.2854278117588016
-0.4167645092219174
-0.25145115185714484
-0.4299880626869118
-0.41747088468764826
-0.42387842677461895
-0.3031025543904598
-0.09981998014381231
-0.3715482895546669
-0.26457335579879526
-0.32741415520231143
0.19155273334227477
-0.429657397070345
-0.36692306585296797
-0.16214174713990012
0.09227422096519297
-0.3453591632295536
-0.20322822966402235
-0.2900264184139657
-0.4180636258393268
-0.2717057005375594
-0.0174453397814389
1.0100750297172771
-0.15799767774094547
-0.14255569582053235
-0.42963896988428246
-0.35636838316936553
-0.20087057358057556
-0.024941109578658787
-0.34654055060267464
-0.16088255609229285
-0.22118552248197293
-0.4181516668394034
-0.24040303008008979
0.019173573855075076
1.0131636308478715
-0.14820772327893866
-0.09199047353234854
-0.4248878270778228
-0.3010120925049199
-0.3459989960789476
-0.12860222104094932
0.09948744057612048
-0.3294155523552157
0.20972603373018073
-0.1618059628605382
-0.11402324566779876
-0.3624923513374848
-0.20837555697082671
-0.25231722960208447
-0.1645659458396839
-0.1683394240522696
0.007827545903342215
6.927185749493775
3.3895407116016494
-0.21510852719320356
-0.33552927153796597
-0.4562024788794457
-0.36555800033450037
-0.31751613934942285
-0.3724217097737082
-0.07648581654853225
-0.4395809719898807
-0.3904348419622513
-0.3406708959833056
-0.02806423479603449
-0.34206252128228376
-0.39060109808204074
-0.07872514280396758
0.003294542958815268
0.3227874915768706
-0.4325120080817971
-0.3669126798290808
-0.3040658140039895
0.07834583950326358
-0.08008597993261435
-0.11822636533912163
-0.31289791379971665
-0.35728419269411554
-0.11552932161809319
-0.018868834590397173
0.5199734072811946
-0.07874977334023268
-0.07685322204781998
-0.4371302336315033
-0.3843921503985468
-0.30724931081625373
0.027933289402670255
-0.1283905666378529
-0.07364919978866823
-0.21871895330072944
-0.3788790153645419
-0.06263524498879104
0.09133844738310382
0.6999692612171674
-0.021656190277730986
-0.02178960568250028
-0.33487861487162957
0.022377050930201457
-0.05921160044794214
-0.08261882007854213
-0.23518446679394878
-0.07644887074413459
0.18765410690308842
-0.11576946934667791
-0.08843983681586075
-0.1496344041665016
-0.12614097765897375
-0.208938577858796
-0.11115124379697167
-0.12347677465296544
-0.24127436688549472
6.813641925348331
1.631290888294372
-0.12288153669322552
-0.0577850818892551
-0.4562024788794457
-0.3543634216020124
-0.29573248256763074
-0.41887695371437544
-0.21265163120075983
-0.43147136792459656
-0.4189036367953293
-0.42877842929294563
-0.31270086950959586
-0.10901043968659674
-0.36506128451982084
-0.25565038988555805
-0.3342587463756246
0.07145339443841311
-0.432436063928313
-0.362639281787086
-0.2012641132675286
0.12743860336898533
-0.3343757414228838
-0.2071015503623573
-0.3012907735847883
-0.42246274928563626
-0.2486902108459786
0.12699730626090228
0.950605493161447
-0.14072020258322415
-0.12826946650121615
-0.4286532240669314
-0.3430497952775765
-0.18954408309471854
0.20714507126753753
-0.294753418751093
-0.1587066516908134
-0.2178199387270533
-0.4198785955224895
-0.221440627558023
0.104382368880163
0.9952134468822318
-0.0915309691171308
-0.060941895620565414
-0.42951529283620987
-0.3155210659119498
-0.3272575164422699
-0.08557858951973164
0.08853261879357117
-0.3262784526257322
0.09077194504900651
-0.16348702827093156
-0.09573458063970786
-0.3299381398057883
-0.21073865955083707
-0.26825301427453424
-0.12633391685971704
-0.1560424486848051
0.01720463831453047
6.431577151893477
3.4032547706441267
-0.14324688509508568
-0.047054378256426554
-0.4562024788794457
-0.3657078360967797
-0.29125383005676003
-0.4150284324229536
-0.22700712875393558
-0.4349319582698431
-0.415313736134691
-0.4230046210834685
-0.2924956195934588
-0.11418079975757897
-0.37239092160337683
-0.23635031217716349
-0.3105395399523333
0.23324933461916597
-0.433786638333516
-0.36636465039718236
-0.19457281758217645
0.13761306739116036
-0.31592746976032393
-0.19154941925563543
-0.2966540751328832
-0.4176187438201666
-0.24805186944777474
0.019969416010287937
0.839447882997051
-0.1459993475227106
-0.13532611514116727
-0.4343244050419707
-0.3599648160576339
-0.23059292432519637
0.01836843115305644
-0.32501408509745705
-0.15194146439666595
-0.2170317615665701
-0.41734165028718423
-0.21812371534098954
0.03822474847210452
0.893386704872931
-0.13114713415485532
-0.08748745608027689
-0.42464255174509763
-0.2871733712155085
-0.326908583845181
-0.11828588913509562
0.06932285305148198
-0.31536301997091537
0.25686386126333055
-0.15564425501518597
-0.11567299974630627
-0.34299848166035757
-0.20082281615944558
-0.26069964981990357
-0.14989302479728514
-0.169513299477126
-0.008907835215853002
6.952418576844659
3.281189938003669
-0.18759928488833816
-0.26060942977095664
-0.3419078384395702
-0.2716527309606764
-0.25705070198415264
-0.2770834289401672
-0.08100943441146258
-0.3301666826373824
-0.2931704660730802
-0.23867165894393927
0.0010496688584194975
-0.2675019843320156
-0.3004896710844159
-0.1048324049024932
0.022898140753983602
0.16330251994116002
-0.3300046216136339
-0.28745864182790326
-0.22806162294015941
-0.0021717074095610415
-0.07167273502284958
-0.13997980284892975
-0.2569382514778782
-0.2796896347914697
-0.13442673225966964
0.013194323536062761
0.15371776796517686
-0.14666399323659776
-0.13836580734710785
-0.3318335960245099
-0.3009493952130086
-0.22180739037059966
0.021591730460500735
-0.05937594142495262
-0.08801774684662764
-0.18821114793718455
-0.2995603007237357
-0.13716192545640465
0.01402116549396331
0.2317914929979783
-0.07297253058066924
-0.09264144707520751
-0.2627393746545084
-0.009107257752430846
-0.10581800051631066
-0.14839374661252572
-0.19169049889603007
-0.07377622096374858
0.04779600579028493
-0.15991330876999618
-0.15142329554627335
-0.11600469343764541
-0.14906514228234097
-0.19652587066583246
-0.14330701488752154
-0.1589310205240103
-0.2075327908094046
7.516163306331203
0.9084128039871555
-0.15734017659700966
-0.13565045835736245
-0.3419078384395702
-0.2796532537453221
-0.22599121067757644
-0.3215509894360587
-0.16578719403892167
-0.3322635538426182
-0.3218684967478925
-0.3220404798751358
-0.22861395336803697
-0.17002062486337247
-0.29053449391129327
-0.1820825953452257
-0.2464009775663936
0.30572770087344536
-0.329928552153507
-0.2767030816395329
-0.14616458069402585
0.08054556205880987
-0.27371983585542775
-0.21619809452820235
-0.21589050931986334
-0.31884556254980806
-0.17621201744413179
0.045917420861934885
0.6151451909911572
-0.19859628292841544
-0.22705949048718393
-0.3293795290934611
-0.26547456785124346
-0.16181173790533582
0.007902535005499247
-0.27779451302396163
-0.20278010323539222
-0.21425666961105186
-0.31804848690239196
-0.13236624210058148
0.10370375161568846
0.6398115402792464
-0.1949151825318422
-0.20908394632242602
-0.31830976896108854
-0.20246259592355842
-0.2512330419683644
-0.13688410655855007
0.13380079888326843
-0.23184194437168074
0.40750533115533977
-0.19077766537450785
-0.20665633833403
-0.27736124783802174
-0.2092063189321953
-0.21498098316617273
-0.16440140691748034
-0.22363305741364406
0.046430062875833226
7.182926153090292
1.465267711058354
-0.15940728149176103
-0.11560450193002156
-0.3419078384395702
-0.2706142174615533
-0.21649245026521494
-0.32103173268649715
-0.1420270635366915
-0.3323760043488927
-0.32343618910007194
-0.3260390875835429
-0.21994864964923921
-0.17948300422958635
-0.29287941770389925
-0.19691283270212992
-0.2640325554766649
0.2933085346657791
-0.3301567605338876
-0.278889251776222
-0.1810308523747762
0.043933000162973565
-0.28516663592060293
-0.21201096685339396
-0.2069771530136954
-0.322887166040026
-0.1828598267856522
0.04687986490093112
0.5227075674657075
-0.19240489034765615
-0.212692284626704
-0.3284832324110969
-0.2544378813971869
-0.1567977682726269
0.022957673374952442
-0.26984690812462153
-0.2015199960915518
-0.19982662376177146
-0.31847844472050024
-0.12208694287996186
0.10471249880432712
0.48383276597305525
-0.20131163191816084
-0.21202750369255197
-0.3227945597407411
-0.19997214794636198
-0.2623061094685685
-0.14405778738529523
0.19193771062717183
-0.2459511755412957
0.3924998033033606
-0.18608451042146434
-0.2019896423236393
-0.2726350192066622
-0.2096925020034408
-0.20687462461091574
-0.1504509294037823
-0.2167140439099323
0.03188095178461517
7.351195106258716
1.5057631227884913
-0.19624730190141196
-0.2742226809809524
-0.3523684878879199
-0.28393396845652386
-0.27077694017915427
-0.29428358561300394
-0.10009192166706052
-0.3401317698786565
-0.30517237444170786
-0.26293106274196637
-0.017260898849734353
-0.2812876890997472
-0.30889389845516074
-0.11051280864228284
0.009635711006028287
0.09708067991497088
-0.3387094721915833
-0.29305030787998626
-0.23170248738178478
0.022867107789911523
-0.06657651473158487
-0.15496038603526202
-0.26792614742946513
-0.28817607201557216
-0.12961931744074282
0.04689743145712803
0.1974564728939708
-0.14563953321888715
-0.1430242407398245
-0.34155406756572965
-0.31026351845012007
-0.23030188050911143
0.03547256964397171
-0.07517537329722326
-0.11931927928860513
-0.20230213780672995
-0.30903953678041657
-0.13020806811730903
0.04380494106126961
0.272209216691254
-0.09251872875375593
-0.11500590591081462
-0.26856137842260236
0.02917913478025582
-0.09135362215170907
-0.14138503490875326
-0.20120830102342532
-0.0454403654428571
0.08202725472150373
-0.15342033821287562
-0.1392376442831722
-0.10289623410017863
-0.14795115429635247
-0.2024074931909576
-0.13782464265941324
-0.1571263687874715
-0.21396559857828418
7.635466033483418
0.9138699869541628
-0.15783286959935097
-0.13969934876111098
-0.3523684878879199
-0.27214965886188497
-0.22031171113411388
-0.331254029413592
-0.10136238365333503
-0.34223577887543793
-0.33189235909450066
-0.331439950679876
-0.21344811772046016
-0.1677765586577775
-0.28185474896191365
-0.12239007887006374
-0.23102387475984792
0.36184185916680583
-0.3408878496948784
-0.2679354434927793
-0.122523322444234
0.11511504274452602
-0.2878104268585468
-0.20890544144758597
-0.21431265160868113
-0.3303058309555432
-0.11451631324293322
0.11022531344125489
0.4609007098429602
-0.21843390634464474
-0.2398272467183988
-0.34032698720825477
-0.26043971777375974
-0.14198308164863369
0.07659835374600878
-0.28435229130566303
-0.18871439192913558
-0.22546482889795413
-0.33046386403188466
-0.0871549002214604
0.12867180174440637
0.46346022594213765
-0.20713918941788728
-0.2248853742847021
-0.3313655821733624
-0.20386077775574477
-0.27552722853271233
-0.2041613504695707
0.23271334235697394
-0.23085344693242085
0.4218603426110762
-0.17828730757837047
-0.22076411954873845
-0.2890220137771647
-0.1988532983171604
-0.2246312818874472
-0.21918069009755245
-0.23582993949329123
0.1636188024302694
7.099300088397864
1.4114541705980002
-0.15886473262722758
-0.13145683928918372
-0.3523684878879199
-0.27388492401386966
-0.2049763053534492
-0.3304886535340559
-0.07811602799228302
-0.3424464896438932
-0.3315081218108469
-0.3339622825257966
-0.198363705649279
-0.1722944454284805
-0.2777087047237788
-0.13070075947296184
-0.2535110519169066
0.38291293601233417
-0.34150138987361583
-0.27203190872657174
-0.13556879796183316
-0.003945837496023286
-0.30087449450277437
-0.19421456272337276
-0.19740621112791604
-0.3305878115427407
-0.082602927885272
0.1552182598820007
0.36695779267738926
-0.22935058336329125
-0.23153205955435774
-0.33934160449694917
-0.2517045169461797
-0.14929908347691198
0.12408264515496116
-0.27413591772335316
-0.1917356125062518
-0.20660931380897765
-0.3287409936309856
-0.10000205972168989
-0.005380529934182053
0.30021205808140683
-0.20580365498841335
-0.2299703209175715
-0.3333301502204308
-0.21086071343134014
-0.29379709163289397
-0.23537133370312385
0.2558078623172273
-0.22910888571712196
0.44608898229566235
-0.18050286933492235
-0.22443916324562033
-0.2739159108915837
-0.18335985946015426
-0.20659072168234927
-0.1947971160243962
-0.22352195166528555
0.17275993135590303
7.338339060459297
1.4202079635522087
-0.17249623781648787
-0.22892605931968044
-0.29642180110409977
-0.23876432088256766
-0.23244973719809794
-0.24575432925982627
-0.09536188830918807
-0.2868001851973901
-0.26028658003989413
-0.2144702717123811
-0.0022913392107088825
-0.2388747676876778
-0.2622427628765563
-0.10671879344233963
0.007848527089209866
0.09295203838061003
-0.2855873943182
-0.24977076980719667
-0.19900134706589845
-0.01441075209452463
-0.08014784090526725
-0.1435273152223128
-0.23169997330956185
-0.24580105675429595
-0.12872531936053364
0.00031902854852868375
0.11773247828868545
-0.1424462109184463
-0.1380729422314893
-0.28841865568765784
-0.2639355725625712
-0.1969729490105104
-0.013268052457039022
-0.07519260251446071
-0.11154234525782254
-0.1803634487035635
-0.2636467116876678
-0.1334150606236716
0.007236821707061436
0.17739499281837076
-0.09268355328526734
-0.11183120613272597
-0.23232442255383837
-0.014000824529404328
-0.10268323710177707
-0.1459125414172874
-0.17607089114341776
-0.0665373961524647
0.009615675970971993
-0.15832081517600657
-0.14777526926501022
-0.11251512673360026
-0.14626724557985263
-0.1847813209079688
-0.13648845537356316
-0.15288768195539656
-0.18747664774806033
7.345352288902596
0.6779101778991946
-0.10354981972648734
-0.003143053996269716
-0.29642180110409977
-0.23076754739718977
-0.23370925557175773
-0.2786844689988167
-0.20668589592913808
-0.29006473787920306
-0.280940132595489
-0.2607772187318257
-0.19417142331935147
-0.03975404591325745
-0.23878131269873845
-0.20230200735707432
-0.1998679296906087
-0.02841625657329803
-0.29037483852432
-0.24909322113738644
-0.0432225003891199
-0.002089561393680755
-0.20723812995468874
-0.20194942717153044
-0.24427179329892487
-0.28265843000576013
-0.2387090974800126
-0.09137943139415923
0.43065164091292707
-0.05901214556582622
-0.1903142810485822
-0.2904024502255975
-0.23807827630467202
-0.0408245303320172
-0.05459639733844225
-0.21071295636161522
-0.1845625512747699
-0.19825158317736233
-0.283144820743649
-0.22050236645301144
-0.04818835866503319
0.4353647459232998
-0.04991515198338969
-0.17311219115267898
-0.26810493945547875
-0.20902227065262166
-0.21596767551243193
-0.04897423016293221
-0.0019557508413357862
-0.2257252259485079
-0.10268748505581977
-0.2071319311036213
-0.1956773230274877
-0.2369653123454853
-0.21848671225975153
-0.21961666803510901
-0.09387510439424397
-0.20917094904411607
-0.04579038860793049
7.385688736515029
1.4280882419544527
-0.10188462174174996
0.029158388544401486
-0.29642180110409977
-0.2344229118509309
-0.21809590048782335
-0.27625676326341514
-0.1975740345075521
-0.2901305811668649
-0.28050684128313386
-0.26183920724250004
-0.1856648953488499
-0.04966239871784919
-0.2361666969854582
-0.2113097939046142
-0.21332969605191685
-0.024943554143392888
-0.2907337906409279
-0.24625983579090727
-0.0675271694444132
-0.06558797842392183
-0.21711674708098158
-0.19904170262930407
-0.2301494700839773
-0.28268604170703765
-0.22967369923119518
-0.08904305667067565
0.3318824614661693
-0.06214288769529422
-0.18736832491997155
-0.29005411799409636
-0.2423814537499245
-0.052737917444762125
-0.03015154579973993
-0.1960341511670743
-0.18178863728488848
-0.18392535816836528
-0.2815008625291251
-0.22850338789243205
-0.09309348085038764
0.3325685060440649
-0.03785308647915036
-0.17380248368461731
-0.2692710028401992
-0.20917094904411607
-0.21811714025803683
-0.05891019466880148
0.007914370376871675
-0.2307739193282538
-0.09722674013393223
-0.20404366851458028
-0.19557324815344163
-0.2307463076269763
-0.2139392774570439
-0.20472334116141186
-0.08069582697677521
-0.20594675192570872
-0.053084125699241966
7.566849108596925
1.441216543923409
-0.1743615930870501
-0.24064118728977116
-0.30452565222506395
-0.24435284456512352
-0.23574216224135122
-0.25165379678806943
-0.09472864337538427
-0.29429933398106806
-0.2647737574866593
-0.21661511763741384
-0.010584149319868248
-0.24516179550975162
-0.2689680661659495
-0.11143789902156769
0.002701227118099393
0.10000420334575903
-0.2936852563732411
-0.254724184827204
-0.20269300390129355
-0.0033557081059646535
-0.08023097350499078
-0.14700001701874732
-0.23444602795472022
-0.2524899393610884
-0.13006189850027416
0.022202156612411098
0.1293190447201386
-0.14660347243804728
-0.1441222363473813
-0.2961030453309951
-0.26897259810401464
-0.19865278111621829
0.014638351981686898
-0.06980978192419372
-0.10733422910358041
-0.17995173869040437
-0.2704839994487399
-0.13409079144018657
0.013697974833169658
0.21902422678158545
-0.0862743129148594
-0.11145376080479569
-0.23968721432705847
-0.01720984277110778
-0.09908836779405214
-0.14144159498184902
-0.18531302142146894
-0.09076093159935128
0.0008363346042929171
-0.15778829558282098
-0.1487765367402835
-0.10801175384431932
-0.14886037759448864
-0.18695811493911596
-0.13326824468136306
-0.15496263219920411
-0.19577046850678714
7.36419787664527
0.7116617562458923
-0.11016669039429498
-0.03445613307801068
-0.30452565222506395
-0.2513841464731934
-0.2261639111406708
-0.2891555842771304
-0.20357446585496394
-0.29784330954801014
-0.28803166363697486
-0.28016195318685344
-0.22883322266104023
-0.07101527744952184
-0.24966201000843893
-0.2048638022344972
-0.23788803491519658
-0.04475722830008145
-0.29645653650007625
-0.24470860170323727
-0.03365624600951289
0.07094768244109265
-0.2282599324957996
-0.2101253823281286
-0.22668281804912974
-0.28920090365778184
-0.21457574550809935
-0.07835475114602145
0.4683261397451195
-0.09869635515141724
-0.202690737932261
-0.2965879627039654
-0.23208488822278056
-0.046492960579031344
-0.052452459134694804
-0.24153397908860438
-0.19982202113702527
-0.19716630543085129
-0.28835796317766516
-0.17635111389764802
0.05786397724702388
0.4804717337597036
-0.08883032598360023
-0.19153084044684557
-0.28100036172890497
-0.21489071520362682
-0.21979653815914446
-0.05688922650047012
0.01665053248261053
-0.2333764905713464
0.004591045291264157
-0.1884740482219064
-0.18206362182876118
-0.253380465190889
-0.21161412398252819
-0.21052872481592635
-0.11978572893756168
-0.20520369758938295
-0.034979571924534734
7.368684495329761
1.4015496240265297
-0.11263433067076552
-0.01017854086303792
-0.30452565222506395
-0.24530455155880362
-0.21420639255579016
-0.2873020216084868
-0.19454457926016588
-0.29819453474805874
-0.2861871648444615
-0.27892246812603677
-0.21469584186682564
-0.07885553030221978
-0.2548102916504417
-0.20369456221369023
-0.23372998174042758
-0.02226295371374258
-0.2972768172898672
-0.24370930935987317
-0.0672764285457786
-0.04287194206498183
-0.23528217052773917
-0.19948892368923724
-0.2153167173817503
-0.2901208870850059
-0.202690737932261
-0.06625674248112136
0.35754064777365846
-0.10012844758000253
-0.19723428450182842
-0.2965924946420306
-0.23425568655598422
-0.042334907404262344
-0.03845103648243452
-0.2289465211126688
-0.19317140202642744
-0.18335975611539215
-0.2827610196672132
-0.1807108383163159
-0.03395308795277978
0.38284698992941874
-0.0816607999645435
-0.18887739070970416
-0.27986057930552144
-0.20606249985272762
-0.22577189849803592
-0.07536593799205943
0.032777434087423035
-0.23175632271305768
0.02398094230297985
-0.18476239094655403
-0.18488701924334547
-0.24435057859609097
-0.20237350226770096
-0.19807269304387995
-0.10116172945885521
-0.19760137148510504
-0.03327556321204085
7.548964991561163
1.4019688282975553
-0.17676399863718348
-0.2435044932879235
-0.3097580770960463
-0.2485945843272835
-0.24029837266269014
-0.25615293879191076
-0.0943974114064509
-0.2996490589097089
-0.2689924031649248
-0.22356362154873838
-0.0047084341963593785
-0.24765447185423026
-0.2744795138144188
-0.1137352627943947
0.002894865884509484
0.1098766689435525
-0.2986939645645751
-0.25815676418268163
-0.2056827572206261
0.000965949854141275
-0.0848502134231333
-0.15060190451655836
-0.23990509852057623
-0.2568271230355346
-0.12883698985156872
0.02161096958111131
0.13590392621545286
-0.14880782533491493
-0.14559046830562114
-0.3012820829664866
-0.2743671497738149
-0.2026714009324396
0.016150077207758205
-0.07272613344196457
-0.10824066120886042
-0.1826968199810733
-0.27470049642760663
-0.1334027153681102
0.01580549414990602
0.2194653177446077
-0.08744207729306495
-0.10621810847798889
-0.2432835106747357
-0.01753291669729287
-0.10370489943648002
-0.1446840650447491
-0.18583177671392415
-0.08308235251763078
0.008325794513701528
-0.15818647725732657
-0.14757556635629135
-0.10388468190144638
-0.15068430481300127
-0.18855847743258056
-0.13536159514263946
-0.15393911652249637
-0.1940118788698934
7.407273140204138
0.7360028124010731
-0.11513606783392424
-0.011060747958504005
-0.3097580770960463
-0.24744098017708271
-0.24204750622809199
-0.29247648765115525
-0.21797538326270077
-0.30247688726490884
-0.2904314621121629
-0.26664399471630174
-0.1823747097313419
-0.052380751156605135
-0.2368862512963495
-0.19423660695110134
-0.18808654846204387
-0.01214318821632228
-0.302368268692325
-0.2603553539104994
-0.07236282304401173
0.11798560720713924
-0.18841240417979538
-0.20240921817103033
-0.23661657759889995
-0.29493726014038224
-0.22769112730692434
-0.13687850969079307
0.3996560387251595
-0.05325719067331613
-0.18875698723764758
-0.30239823243648606
-0.24184525095500484
-0.09009012318329859
-0.14188245496569002
-0.22554122866336831
-0.1946710812414367
-0.20204216230505737
-0.29265252464810143
-0.17511224724030508
0.11854742741015911
0.4208404058470286
-0.053384536586000626
-0.17718349105543832
-0.2789890573106583
-0.19201928988318293
-0.19636403278653658
-0.02796779060138186
-0.04604716473456117
-0.21995673584535083
-0.030537181663192716
-0.19609435908908704
-0.19023270163757977
-0.25418656808134127
-0.22219278025336991
-0.21953349795907587
-0.10821069746469936
-0.21720007138253336
-0.08662181979665594
7.329318714301121
1.5222102590390545
-0.11655185474553431
0.016854225195543106
-0.3097580770960463
-0.23730199824658418
-0.2252753004339389
-0.29083971812635734
-0.1896034630101975
-0.30225965011974115
-0.2859518823600845
-0.26676010422492585
-0.153815516077832
-0.05705134977771029
-0.24657952253245224
-0.21073164811176462
-0.20831207577075908
-0.0019105695853204425
-0.3033345994415192
-0.25165837716775186
-0.10757771336929697
-0.11270525908885828
-0.22410671441165758
-0.19133761470351882
-0.22066462930115588
-0.2955889715758853
-0.19484711823838294
-0.014585233365448634
0.29045317313017793
-0.06519774272149836
-0.18523250183070294
-0.30152928385581534
-0.2503924089769471
-0.08936724785541303
-0.006839605499814739
-0.17715352731127726
-0.18668948889053447
-0.18818393063056732
-0.2841053666261592
-0.19230769092073313
-0.09710913025302678
0.30152477659768945
-0.023031263750847297
-0.17415340742715119
-0.2800939703765974
-0.20222943570606397
-0.21901287790427745
-0.04940684954861997
-0.0409945283754025
-0.2136493676994478
-0.019952489038298427
-0.18826258545899008
-0.19431151631150398
-0.22167590566659162
-0.20970538987424833
-0.20237925442686927
-0.06876342827666444
-0.20471642647143193
-0.0824493684222284
7.510389620266404
1.5187831558006333
-0.18418153410418495
-0.2586735415012066
-0.33649699857929416
-0.27238145212601755
-0.25607518057748646
-0.27512133597586624
-0.09266431869389918
-0.32445339756575486
-0.2903633551199106
-0.24386458251111548
-0.02826855684688805
-0.26392121160205306
-0.2927267879862574
-0.10552875267898404
-0.000564028827963825
0.1384935679274232
-0.3234146192879713
-0.27943495476426433
-0.21990758157607515
0.004890264745030349
-0.07850070424695427
-0.13895929828906925
-0.2547760001156264
-0.27460336206623576
-0.12585427532956586
0.019936982251017393
0.16896911483994437
-0.13860266051522532
-0.13204731857695104
-0.3259139141634015
-0.29609786408663935
-0.21937262491530926
0.03187302584069899
-0.07550890958859681
-0.10268414186380026
-0.1909038730952909
-0.293250422812933
-0.12754688952606327
0.027041433142670417
0.2591616756616669
-0.08380781397677475
-0.09967536445430737
-0.2585065444483749
-0.0176713201383825
-0.09655902962095678
-0.13703458649372102
-0.19128598499583796
-0.0770571704004431
0.05669048616660086
-0.14898761283453804
-0.13801392514253055
-0.10847526000098037
-0.13692702906986332
-0.19242665978043405
-0.12762331190617268
-0.14420696838991576
-0.2026531064224828
7.382851193892606
0.893668393124914
-0.10724118008513946
0.04909070503349793
-0.33649699857929416
-0.2470856443098012
-0.25931605558583015
-0.3192312015916115
-0.22402306826789328
-0.3297576768370528
-0.3204398073807493
-0.29258526506012883
-0.21043403690103027
0.005399747279093116
-0.2632532233907263
-0.2388320272579844
-0.2331541274617071
0.08592063132919082
-0.3297576768370528
-0.275452499623007
-0.07775629365551812
-0.06778458828050074
-0.264258036166239
-0.22479012252751002
-0.2601425494744209
-0.32135970640058487
-0.23316261883727482
-0.02698635913616342
0.5006705491000312
-0.038687474668471625
-0.21923676290622585
-0.3294095304387766
-0.2759025425280958
-0.08083583252807529
-0.03212930227167479
-0.2388773145943455
-0.2064006335063667
-0.2275866155478101
-0.32172483554999654
-0.23237858182652266
-0.07565609343177049
0.5051596563168287
0.005863942476794748
-0.20121523349301676
-0.3017219851709878
-0.22880654317103816
-0.2676659082274144
-0.04906676607073921
0.11822182398877022
-0.2429361921157122
0.06862086883923732
-0.2193584726226964
-0.2201368487164034
-0.26619690025420006
-0.2284300921875362
-0.24142755772318192
-0.06435690300966736
-0.23272106730775374
0.054944093258174606
7.178959114219209
1.933315621674873
-0.11093775891561708
0.08421669529860312
-0.33649699857929416
-0.2516143779459147
-0.2469780868859435
-0.3192142188404761
-0.21992173386868802
-0.33033792083417984
-0.3228287143737992
-0.29360706058677694
-0.2049882347036038
-0.007433551662243462
-0.25902168789948277
-0.23765738697111743
-0.2363185800899414
0.10133530844311209
-0.33019922836657384
-0.274614683900326
-0.10628731556303306
-0.1133691227865055
-0.2640089558162528
-0.2204114031930928
-0.24599874823713397
-0.322302249088601
-0.23164266261065422
-0.05382193638865837
0.38975903189308947
-0.022879363819913005
-0.21501088833202747
-0.32960483207683394
-0.27531380715540105
-0.09544099850454127
-0.04896770002244923
-0.23298996086739798
-0.2036550887394729
-0.2147929430257895
-0.3217531401352222
-0.23163983215213166
-0.10616843630508507
0.36587279242111337
0.008779314755042802
-0.20095483130894023
-0.30259093593741704
-0.22235309773957646
-0.2619115860510277
-0.0485035048247476
0.13810296465130842
-0.2444476569667651
0.08000497301701759
-0.22059821345558248
-0.22196249446346167
-0.26660731673997284
-0.22372303966450077
-0.22665256423536168
-0.049601722731505114
-0.2263214005882209
0.05518468223259313
7.359630112173433
1.9715720990659416
-0.17331694593824057
-0.2375701989814501
-0.30813568179292744
-0.24715606760956968
-0.2398542519008368
-0.2536181830280284
-0.09330015093461053
-0.2973456182252058
-0.2681008839777265
-0.22099250542112886
-0.02160030627055188
-0.24278724155570922
-0.2711139261957691
-0.10602169549456525
-0.003307443963159495
0.08542656419589274
-0.2968448638938861
-0.2590566475855241
-0.20880067037491706
-0.030063735768264425
-0.08045256616881342
-0.14479779449736738
-0.24038566466060463
-0.2555138958537386
-0.1304258045392876
-0.01724510618489058
0.10059907978567406
-0.14693366501258806
-0.145068610615326
-0.29885810069531416
-0.2714222137262754
-0.2040537237035295
-0.0033381023916076386
-0.07641587308980785
-0.10605916690711298
-0.18600612882372225
-0.2732242480206163
-0.13909873329806247
-0.009137655106381481
0.17483846427285393
-0.09209765924103333
-0.11480192875290861
-0.24537958200560225
-0.03662123296411737
-0.11372207077312399
-0.1553511068676284
-0.18471677158287533
-0.08016471759060585
0.007293559295798624
-0.1676979373021058
-0.16152878019992933
-0.11291813864937267
-0.1487595447512775
-0.19586622006185025
-0.14363107097031302
-0.1592651662328414
-0.19405907602943467
7.703824611576357
0.7420227970555615
-0.1404340781815816
-0.13397707250119756
-0.30813568179292744
-0.24724804289491412
-0.19938853284133698
-0.29147282593136137
-0.12440993957935186
-0.30012701898386235
-0.29140980582844017
-0.2945471850063002
-0.2138371688705371
-0.15087156982214964
-0.2510054036258366
-0.13348824089205216
-0.22289673447696357
0.3833600621168782
-0.2992328148207915
-0.24217066649469654
-0.11283978933222741
0.07033580441530647
-0.2656107382893273
-0.2089522592711329
-0.19564479807861365
-0.291297391590797
-0.1402177659364197
-0.006427790680770561
0.3734284345457045
-0.19989780340278113
-0.236977469364786
-0.29886661692543864
-0.24018297838364192
-0.13306413263185285
0.0037474010719633407
-0.27088739447445775
-0.1993800166112125
-0.20930483119828655
-0.28984281948553503
-0.10745582864752841
0.09063849703207717
0.4055346221150105
-0.2032889662383508
-0.22970120234642658
-0.2932561245194284
-0.20515572388163777
-0.2604345736196657
-0.19308481930319366
0.20732447570571194
-0.2187391109301903
0.4265782267526113
-0.1886989607890842
-0.2257547813067405
-0.2694566678135444
-0.20779405197420303
-0.21067935074037833
-0.21372305138686903
-0.23699961156310964
0.14320577909846927
7.222138119505397
1.0819787809028025
-0.13577059056541396
-0.11369652208275054
-0.30813568179292744
-0.24030901858948428
-0.18341208512780433
-0.29168232519242365
-0.10431333973159368
-0.30056475321226084
-0.291230964995826
-0.2961243908253547
-0.19907172908070614
-0.16604067891988114
-0.254434037873954
-0.14492894444128446
-0.23742712631535876
0.3830517745863718
-0.2997659308265842
-0.24909776807795211
-0.14414715451585677
-0.010605853179842584
-0.2690734374579426
-0.20435008851186154
-0.18045695327460826
-0.2924300501973534
-0.13925202544030318
0.022813537074658906
0.28363160086711664
-0.20212564920334625
-0.23141296460144792
-0.2978599985247246
-0.22815806144787001
-0.1307937056806653
0.03368876294362542
-0.26946518404366887
-0.19765803488004174
-0.19053506000392303
-0.2889469120764393
-0.10007566362165027
0.009858647809293311
0.29454429814863087
-0.20514720765151329
-0.22997372171041006
-0.29526936132085646
-0.19374567876085363
-0.2654301942106882
-0.21026716520235328
0.26070761261802966
-0.22936566287952187
0.4272203505039974
-0.1894177306115907
-0.22695046001621813
-0.26594116801815726
-0.20119567687375256
-0.19210034310080326
-0.1996457229910964
-0.23100418555547267
0.12139060401159016
7.380243635012474
1.1116561396406055
-0.1797231811352245
-0.24607820408584036
-0.3172271001319224
-0.2545169209501923
-0.24207308109190417
-0.260759866638527
-0.09637593517599911
-0.30588796502678584
-0.27424703876368045
-0.23004748336238126
-0.0167985510132795
-0.25418164533066584
-0.2793159515199107
-0.10897320625000272
0.0006482830048573879
0.09655302157475272
-0.30593228960021474
-0.26707441356086226
-0.21413496150139927
-0.020924145924740442
-0.08436056619419055
-0.1453830020030503
-0.24654304384308212
-0.2633375110625472
-0.1300978433352161
-0.003203408773363309
0.11988820469379297
-0.148902827744316
-0.14453174288771028
-0.30816670271204183
-0.2800569674654403
-0.2092990368875518
0.005809254490516929
-0.07981559262644061
-0.10620689825702863
-0.1847886843088833
-0.2806718288558261
-0.13973332368214883
0.003507786254784586
0.19257595900712518
-0.09205144794786994
-0.11344998816632355
-0.25088230592902094
-0.03030504410633786
-0.11451150487356998
-0.1526192727472023
-0.18955755379882547
-0.07963943086024874
0.015167422121637974
-0.16661219962045495
-0.1595464080048757
-0.1118622592155492
-0.14981659587346605
-0.19687792757974004
-0.1431883673545569
-0.15978166920230613
-0.2015342808448242
7.74280220286627
0.7646550438138043
-0.137303427836225
-0.12908519731149384
-0.3172271001319224
-0.2478852828487117
-0.2012444663262505
-0.297110562960336
-0.09889220711373314
-0.3072472519452727
-0.29733673193757587
-0.30250338606085453
-0.2060281106740023
-0.1519396292879589
-0.2559262150797272
-0.13234134866723368
-0.22577186681777628
0.43933199581344223
-0.30682105412384075
-0.25061522196092356
-0.1254039846618459
0.04644920568721675
-0.2730332273682423
-0.20551326370571257
-0.20800225898287494
-0.2977061033828169
-0.1336369900443867
0.06889676081015478
0.3340668165573782
-0.20889102350650096
-0.2350357026644204
-0.30648236892174285
-0.24296070908800638
-0.1257654004144202
0.10079681534869078
-0.2620543714881562
-0.18992465218901883
-0.20939677825460018
-0.29791181486462803
-0.1283544101136786
0.021587666103688348
0.35809528146594766
-0.18366579511535067
-0.22460124346824328
-0.3022715344459955
-0.2120482969676686
-0.2689155881494481
-0.20568033325171386
0.19968834825118098
-0.22323286432956588
0.4128963656094253
-0.19585618933582727
-0.2283245076362725
-0.2618986672173931
-0.20784996429468328
-0.21787981969238102
-0.20191956367539865
-0.23671662687214787
0.13384021657618814
7.185227482318561
1.1853361606451052
-0.13931167197081218
-0.10691495490436752
-0.3172271001319224
-0.24131388070599347
-0.1886290108118658
-0.2923541952731558
-0.09870808965487456
-0.3088872611621427
-0.2979186340297709
-0.3006167503713159
-0.19228181027341829
-0.162017218841657
-0.2572525427000233
-0.12530056065717846
-0.22296805341651618
0.4516224044560148
-0.3079632642852783
-0.25147670982397796
-0.1458876202236257
0.05214207205402332
-0.2604336832391911
-0.19866568537470647
-0.1960425798497335
-0.296434329083664
-0.1522544474120566
-0.03507732317885149
0.25603965593714695
-0.1853387636304114
-0.22790740203503113
-0.30687674397250786
-0.23853393438273354
-0.1358429899681183
0.01534472041535365
-0.27161711407356454
-0.1872731334759504
-0.19393773087562174
-0.29525915962403576
-0.10281095401585913
0.055757366107289784
0.2705712968566895
-0.21327233711082105
-0.22683679310759416
-0.3005360569171248
-0.19234318275970447
-0.2629226785163535
-0.20575193448571444
0.25013766850595776
-0.22948035612799586
0.4247798973984709
-0.19514358657839312
-0.23073849209686287
-0.2679449936441072
-0.20127628909691742
-0.20255829214378462
-0.20777949958820655
-0.23138403973039173
0.11365776080822027
7.333252236603247
1.1859987561914913
-0.15579037266089435
-0.2302759530412074
-0.304754982359042
-0.23986670850970154
-0.22705283030179543
-0.2463653624883533
-0.08966394800312125
-0.2925175976492421
-0.2615441742509905
-0.21801891514397206
-0.009223451829870213
-0.23839927051452212
-0.26656228810950594
-0.09962156297041024
0.0012451460107401908
0.11529914376107006
-0.29253069977419904
-0.2511607402226004
-0.20133335901128452
-0.012466227756717616
-0.07358108961845382
-0.1363795745371593
-0.2330732567195182
-0.25236613571864064
-0.11827898890912014
-0.011424608822639359
0.11176812108516955
-0.13810250396899942
-0.13646473834937953
-0.29458773339244165
-0.26771527510571835
-0.19623008134054892
0.007940331863746344
-0.07178609849935041
-0.09583504885784902
-0.16977689105244828
-0.26683088167112357
-0.12588477244663496
-0.008129424395964119
0.17894271573949938
-0.0830604770248138
-0.10193408802531354
-0.23482239040127226
-0.025129431527618686
-0.10099728609089095
-0.1422820818302694
-0.1732686073534779
-0.07137338156320619
0.026394674865623382
-0.15311753916967466
-0.14730674675126326
-0.09669323804252986
-0.14260963495419338
-0.1814050269517496
-0.1331302475478334
-0.14965202711855896
-0.1805664909545042
7.0671032161742255
0.8422508938105161
-0.10696530400878587
-0.005181446280648298
-0.304754982359042
-0.24265091006305536
-0.23244435472158415
-0.29012645984459706
-0.23377422040471552
-0.2976470795698916
-0.2895696195339263
-0.268625872790227
-0.21064241879320406
-0.04871325645014525
-0.24658154755014314
-0.23697113889421356
-0.2280682449859598
-0.13663506597382
-0.2976601816948486
-0.2603977383172566
-0.04360997877940964
-0.03367201699955608
-0.2456316434907636
-0.21124511654122416
-0.2282582257978357
-0.2920524722132701
-0.2454089073664953
-0.0415988025985164
0.6686084317559358
-0.11282195386454663
-0.19509674753177195
-0.2975619157576714
-0.25613954770624486
-0.07117029862637332
-0.04081922616357733
-0.23121275497562999
-0.19792680652247513
-0.1961318154033717
-0.29184938927643717
-0.2435156503102147
-0.05477954030521736
0.7056743432591733
-0.08393831939693007
-0.1747163921612219
-0.2773125816366909
-0.23199888247304754
-0.24669946667475576
-0.04405545102794625
-0.02160495991419666
-0.2385368428265702
-0.15439499635297818
-0.21311872041006932
-0.1950770943443365
-0.24702701979867975
-0.2224081270045534
-0.21038692735654335
-0.08491442770622352
-0.20971216792125993
-0.06923773519522185
7.445734974242911
1.5730350154098727
-0.10046665003013411
0.04099699313015441
-0.304754982359042
-0.24512721167992066
-0.22471410099697822
-0.2898185599081085
-0.23487479890110008
-0.29815151138073454
-0.29080121927988045
-0.27130525734392513
-0.2068362514932074
-0.06737068238885516
-0.24584127749007495
-0.23446863302743434
-0.23573298808578091
-0.1385217719676221
-0.29729332219605376
-0.2597426320694087
-0.07524505948798764
-0.017241952303529245
-0.2426116036881845
-0.20874916173692343
-0.21518885615326888
-0.2923603721497586
-0.25222856340659255
-0.12494797051221238
0.5796777586105751
-0.09622156154407932
-0.1870847981205914
-0.29754881363271446
-0.25757423038903193
-0.07928706503720954
-0.08485546814391721
-0.22669907292795755
-0.19647902171473114
-0.18491639644021465
-0.2919738594635283
-0.24130139119248858
0.005175783497827951
0.5843814214701235
-0.08947396719124533
-0.17260695004315146
-0.2778104623850554
-0.2221919419427636
-0.23296843971986253
-0.026799952459630984
-0.007166418211627618
-0.24823241529472
-0.15874490183868864
-0.20830368948838682
-0.18781851711818112
-0.2607973531284439
-0.22489097968389718
-0.19944010195500392
-0.08792791644632415
-0.20865089579974624
-0.07301769824530457
7.595118851939681
1.599828860946854
-0.17750566536705759
-0.2531165193372572
-0.33175827338643327
-0.2648645257610232
-0.25170091071213524
-0.2698910655390591
-0.09263689739091771
-0.32010535402396845
-0.2880312996587998
-0.23625045183895285
-0.017510987433354348
-0.25999250245760186
-0.29023137653965686
-0.10698910070607098
-0.0036258993068433317
0.1281255442438643
-0.3189488576408923
-0.2761763202910699
-0.21906703127355567
-0.008048636245616443
-0.08061551566591066
-0.14060118828778687
-0.2580004285233412
-0.27540611509453
-0.12908733375247508
-0.011111628207782073
0.1551778131840621
-0.1392034084866589
-0.1351645855578895
-0.32178245206766876
-0.29097780997087147
-0.21643906261684315
0.004287721369950911
-0.07691544039302683
-0.09285084327884546
-0.18689432408228704
-0.29257289542419945
-0.13254255984250826
0.013887948796575587
0.22458304781609068
-0.08055846342912992
-0.09640591078324492
-0.2602955924654995
-0.026364781428764427
-0.1066634275211143
-0.14024580039617354
-0.18879368813177896
-0.07313335252977071
0.03669220327314127
-0.15684681271110074
-0.1451570471123817
-0.11023988961430653
-0.14603541384115173
-0.20180635247085127
-0.1354343950943317
-0.15190347411170343
-0.2026371756689707
7.555507835779909
0.8708767290095711
-0.10672523411096009
0.031973507856068104
-0.33175827338643327
-0.26459233904804846
-0.23987326887452942
-0.3163589238087003
-0.1876276830425727
-0.3253280108659381
-0.31607603980132915
-0.298700067936797
-0.21393946149288726
-0.012507030832377513
-0.26961293588475305
-0.20365460722489379
-0.23479443121277788
0.21419359778066585
-0.3248692157951597
-0.26765651959848036
-0.04916428155226505
-0.04561991134226198
-0.2769298852518821
-0.22439903823602173
-0.24332730637629635
-0.3168046444085498
-0.20744263802948124
-0.03078276401447248
0.4722907854471066
-0.142846431522762
-0.23222113761631355
-0.3243034477804174
-0.2622389342808432
-0.06306957567930258
-0.021422631417633387
-0.2640646058578267
-0.20918867419262493
-0.22688675347731496
-0.3159167689736496
-0.19791729166363126
-0.054284719803335886
0.47591360248268316
-0.11987934045371797
-0.21613002966761416
-0.2987999093511633
-0.21436022173914518
-0.2694738710576
-0.12150295202543633
0.19865042902271476
-0.2315067960682881
0.2029970963124469
-0.21063637470093605
-0.22086655390868132
-0.272623629963203
-0.22510743684271584
-0.2339041786013452
-0.1376225860925261
-0.2352972040494081
0.11784544432893589
7.122898553095601
1.7938535525890826
-0.09583063406237252
0.07129438488065615
-0.33175827338643327
-0.2658748257873487
-0.2260987194567811
-0.31606296533040024
-0.18738996538931968
-0.3257321308764683
-0.3178173216114078
-0.3012258180026107
-0.206939865192851
-0.03559060355151554
-0.2688320333938167
-0.2004525504355751
-0.23976273016576677
0.22638851339254762
-0.32504274968203445
-0.27117949521969065
-0.09065789792758602
-0.0373413940677243
-0.2702262474301459
-0.22117439826964402
-0.23181226325271828
-0.31784465914153187
-0.21201275991327123
-0.09209133537670194
0.36254248788150184
-0.13147639616766832
-0.22603929004346782
-0.32411327365781495
-0.258994088313939
-0.07487701151638188
-0.07545109964898801
-0.2698399562436097
-0.2107956455286156
-0.21279247381594127
-0.31559347296522544
-0.18873901307153076
-0.03743053818769419
0.35482855003344016
-0.1294938309395378
-0.21781782500571087
-0.3008181322272817
-0.20353574839826724
-0.26063552870965134
-0.11808100640685859
0.2325275717878078
-0.24154561256516469
0.21664803255050366
-0.2094049972570852
-0.2195008659907425
-0.28026981828008757
-0.22377978374929752
-0.22149412851326938
-0.14030047545642177
-0.23214625655553883
0.10808713466289792
7.30937022324863
1.8320310077015234
-0.18280237631433288
-0.26543415259876435
-0.36113456315562575
-0.2817655787478181
-0.2686270774116489
-0.29262990715927417
-0.07340802126457509
-0.3473986984244858
-0.3077805799311343
-0.25897494255606907
0.020182403967360457
-0.2744994041189343
-0.3110189183354493
-0.09835056301949352
0.027892234450988606
0.172988659071512
-0.3462423985196009
-0.2970734524130916
-0.23229969762041683
0.00838535025498517
-0.07366652940041037
-0.14316329770185957
-0.2662830374231964
-0.2904011478259915
-0.10890398299730984
0.025722862121884356
0.17690470799409794
-0.14259388113238455
-0.1413223005723299
-0.3490405744223586
-0.3103342211108045
-0.22703521436766302
0.046469886699259784
-0.0555360263600705
-0.09103198809280527
-0.19395665304030693
-0.31017702021739113
-0.10789091057309047
0.041788793428728876
0.26626817586980783
-0.06827279207973894
-0.09493755695583031
-0.26674066669068863
0.035888519895947754
-0.07876333170018993
-0.1334168423102318
-0.18693151978132358
-0.012305780671398847
0.12388259332236798
-0.14275806873217184
-0.14075987070922877
-0.08115627863325983
-0.135495387456475
-0.2005660772700416
-0.13294174627680477
-0.1540974931770549
-0.20507250288122436
7.0285685277723875
1.0700503173050218
-0.0811213451013902
0.08528453395960975
-0.36113456315562575
-0.28322929373315575
-0.2649031629143459
-0.3398076419492144
-0.2447849419106239
-0.3517863500273118
-0.340041696612741
-0.3158607058525805
-0.2336271718314629
0.002879825632330905
-0.2925635334487219
-0.2661922102403354
-0.26226568125818855
-0.10072254983344164
-0.3523872067754695
-0.29483421302024804
0.02339279554617979
-0.037129548417960526
-0.2844659407613408
-0.22464226743459312
-0.28406071179165304
-0.34340928908497365
-0.2735387319925194
0.029114908066425783
0.7338500065916674
-0.06590779197216473
-0.21614643248389823
-0.3516605893125811
-0.2965249959627383
0.013621886682243255
0.12580743092838478
-0.24999353151238626
-0.20340268005785586
-0.21182166123843757
-0.34382849146740924
-0.28152104402473066
-0.11328115454057494
0.7623383018313536
-0.005864037394638401
-0.18956900143748093
-0.3242552335608535
-0.25644226149552063
-0.28509823768818116
-0.05967564988662209
0.02081819424738779
-0.26918950727475
-0.15269316519589565
-0.24418757851565315
-0.2255505392632036
-0.2840152982002225
-0.25350784481847144
-0.25582044462824116
-0.07189889268780691
-0.2417806581698354
-0.04442017651915307
7.161619870604261
2.3718379023673593
-0.07368050281315823
0.12091324311344911
-0.36113456315562575
-0.2905129351279744
-0.24752722416239015
-0.339084517839513
-0.26751968445138147
-0.35212520528644725
-0.34209229493348847
-0.3175619688546317
-0.23514678046779197
-0.017926585949222903
-0.28587026874250004
-0.24721980908193736
-0.2629014715382159
-0.09987366500900954
-0.3512204268110237
-0.29813892513511536
-0.0010641701157507355
0.09736105592694211
-0.2642673726343186
-0.2163665137346769
-0.26657298573771443
-0.34300056676209895
-0.285590800487543
-0.10029636074463211
0.7079363126507732
-0.034240545332341825
-0.20230926051033632
-0.351482428300046
-0.2932377506138058
-0.006150492355969397
-0.05091432009371797
-0.26740789714939867
-0.20567335962938205
-0.1941103605805333
-0.3434337425572824
-0.2773010733748789
-0.008064849902425321
0.621454861154308
-0.028015389953173105
-0.19380993220645445
-0.3263617255325924
-0.24906080621146706
-0.2698462576738991
-0.04193989575640908
0.031029265612881708
-0.2826633705168677
-0.15385645180715443
-0.24008987522734512
-0.22345802070421256
-0.3014925441946002
-0.2556527636752669
-0.24069073197550284
-0.08488019313056278
-0.2396042991343572
-0.050736159081182834
7.288163096448822
2.4163222618501505
-0.1724601931552064
-0.2530668920727116
-0.3419840227931326
-0.2711693140352188
-0.24501874572049917
-0.2743332799675771
-0.08016879555546673
-0.3295313712146947
-0.2906540512108922
-0.2367839277412096
0.013107944683401708
-0.2627123804490273
-0.29891958730602997
-0.0980514648430603
0.03522498809406183
0.2451525918002442
-0.32915330209656374
-0.2843710150539536
-0.22295604974557037
-0.003831914740852827
-0.07322886430577562
-0.11862787659733684
-0.2546736858247681
-0.281679635519259
-0.1246368126436305
0.020863087469062663
0.2040186717475977
-0.12931541798050092
-0.1172621019080888
-0.331908480794943
-0.29882979589047387
-0.2186673281867725
0.03202321524989042
-0.06848173394124397
-0.07454501742326895
-0.17738454341886192
-0.2999167446051003
-0.1283111718854656
0.038809555920340834
0.33428947519557883
-0.05946005960984436
-0.07016177858493834
-0.26760128673285805
-0.02856708679456973
-0.1038595516703469
-0.12111131811705947
-0.18239868509807353
-0.07829262755674192
0.07575872342167549
-0.13850486048307112
-0.12015196772980219
-0.10555377390597119
-0.1348257753772594
-0.1944071054627076
-0.1242894616413477
-0.13555355842966146
-0.20042785616894285
6.748019400408068
1.0105346180004304
-0.13804645167733737
-0.09383599417590029
-0.3419840227931326
-0.2832344447675725
-0.23612466971646875
-0.3238272533948941
-0.2088115388634965
-0.33019299217142384
-0.3241698785332003
-0.3243707277522073
-0.25456971681728213
-0.13867971745020669
-0.2956445635702207
-0.24000224110929924
-0.2740851721088037
-0.10060579432243248
-0.32995906190458035
-0.2937849360954141
-0.16963885236115422
-0.08311537174489976
-0.29181188788516826
-0.21717395517015528
-0.23814970243045763
-0.32468263477466536
-0.2268147176824943
0.07938582402374422
1.0586108322347565
-0.17196397743765954
-0.17509486232218138
-0.3284444225000682
-0.2801390038628754
-0.1821623918992417
0.09858228349684282
-0.26674354242109843
-0.189860824317183
-0.20714330887974372
-0.32384379391881235
-0.22316871362451904
-0.11018984646705186
1.1241892837065568
-0.11387129450485192
-0.1370351167863371
-0.3241344345533755
-0.25511555410658365
-0.28122122671352523
-0.13811025084102196
0.015170784309203662
-0.26792264548326933
-0.08196934973056534
-0.19572562151218925
-0.1592017817687519
-0.2827831247578037
-0.2135019588603085
-0.2257632129476926
-0.1423966094678315
-0.18187175126467853
-0.05836838503124126
7.344655001594484
1.8804692958877405
-0.13692405898288612
-0.08963470110067019
-0.3419840227931326
-0.2805785092127026
-0.22130908614971245
-0.32162027491780476
-0.22015361240742476
-0.33118306067452924
-0.3254151436910441
-0.32567034034578246
-0.2638702171233033
-0.1332331592171328
-0.29177644390534346
-0.21843339791992897
-0.26861971041982324
-0.10045929253915674
-0.33026624306306174
-0.29011530271755565
-0.2054585383720727
0.05219320270217619
-0.26932622708433046
-0.20899821049057365
-0.22877122536882194
-0.3254576764668338
-0.2397659479104674
-0.15140410620730121
0.8668447237907893
-0.12967694657471363
-0.15931992836816783
-0.3285342139156243
-0.274295473055764
-0.17677726989786408
-0.08952364329721924
-0.27940413201450837
-0.1942417002235253
-0.18990335709297274
-0.32344682134477487
-0.20078702183116726
0.09290888379289036
1.0488141162111884
-0.14113007792209287
-0.1447571785241616
-0.32579793867315165
-0.25385847428879826
-0.2628872374161628
-0.10250322870905214
0.02105921082409309
-0.2753587924505073
-0.08340837531145123
-0.19089342559607814
-0.15078974389033845
-0.2955264169708048
-0.21609409525149378
-0.21432662212423162
-0.16366299736269702
-0.18638731429435498
-0.04419551896530756
7.560612807734855
1.8754835093923887
-0.1966595496289865
-0.30140484584760413
-0.4095173088529533
-0.3209014017715612
-0.2973246319766236
-0.33255774091268747
-0.0862758996145479
-0.3929752767271577
-0.345511429609878
-0.289184011098114
0.026603415194762274
-0.30758128610052043
-0.3510309422249908
-0.10836715465063328
0.03459878574129527
0.20458128788088115
-0.39205755872057796
-0.3333236062994735
-0.25479599500264155
0.04005887776605397
-0.0773496064858009
-0.15529951759863478
-0.29842061175426565
-0.32611390800317785
-0.11126886014625777
0.056898012843619956
0.24491136301176208
-0.15729340851940518
-0.15891427017850826
-0.3946885704157005
-0.34942988742933906
-0.251422225928093
0.05319412937821532
-0.06926840619764534
-0.10892834911508853
-0.21243571636799607
-0.3477661108994247
-0.1127048577464815
0.07123157969458868
0.3456523716692961
-0.08010276050554017
-0.11204132782086088
-0.2941918464073999
0.06379080132469382
-0.07132831999658695
-0.14273536388265434
-0.21240600607281904
0.027778622426209734
0.20029970423147847
-0.14699053838078854
-0.14788184723609982
-0.07521376637696241
-0.13520545462722836
-0.21844049713766722
-0.13577985366731785
-0.15849832604602968
-0.22867734439811263
7.362009271528387
1.2786579756895962
-0.1586369740901892
-0.13073570577503774
-0.4095173088529533
-0.3193102504076351
-0.2298030344709317
-0.3832699136359905
-0.11755423814815653
-0.39597271539613044
-0.3835934257390294
-0.38585801046030177
-0.25743030784167265
-0.17099645688383888
-0.33320806626267385
-0.16075300733557635
-0.28723963733597196
0.5481379367325665
-0.39527287288751567
-0.32224826848625376
-0.13627502525360188
0.10313383442691522
-0.34195279647645005
-0.2355635305913694
-0.23758713180731683
-0.3827351283228037
-0.15853463862902384
0.2243056227345288
0.7963971632319337
-0.2341143284155114
-0.2734078443591044
-0.3941801942537822
-0.3148305981237188
-0.156243644756483
0.2610407521489876
-0.32428507427783543
-0.21697478924226646
-0.23825066173293746
-0.38126281813958585
-0.14680897546581773
0.06903301785148754
0.8110575433298499
-0.19661993590208376
-0.2546672503902077
-0.3835340051486753
-0.24878131080124474
-0.3318116823893529
-0.20934254452567508
0.2637906050248183
-0.27332861690529897
0.5529873171342415
-0.22955874982169824
-0.2677826951389177
-0.3268731711021467
-0.24288876892446465
-0.25447578404351123
-0.19564279730514994
-0.27968992121709463
0.17292001665387952
6.935372733929965
1.971228064273817
-0.1556791491481192
-0.1197263908399892
-0.4095173088529533
-0.3171215919962596
-0.21080825242107584
-0.38230597961469087
-0.1393252822251116
-0.3970290814468697
-0.38535293544229204
-0.3898854060287453
-0.2638444304560053
-0.17979070425624347
-0.33320806626267385
-0.13084134238011166
-0.29345569131579097
0.5434800226775879
-0.39413727938297094
-0.322396819962139
-0.14954892490992275
0.34064453636001013
-0.31901644859977324
-0.22050041093660883
-0.21823252507142793
-0.38356371544385237
-0.1844090045843193
0.01436277358182076
0.7825323588159805
-0.17251168193786806
-0.25273608120369995
-0.39412737595124525
-0.31062824192812155
-0.16391220205606855
-0.0037076881736382047
-0.3529191965406873
-0.23025199004249589
-0.21434377754714393
-0.3820815018289088
-0.11337498995991922
0.2579574837383923
0.594964663075494
-0.25374953238362796
-0.2697897906353224
-0.3880004528569574
-0.24249923394325454
-0.31264193971234333
-0.1909155592280916
0.29425356101301253
-0.29891908448445825
0.5469561272133019
-0.22881269129836362
-0.27306782653652273
-0.3490040398651348
-0.2426345808435055
-0.23267502967137915
-0.21498750060931315
-0.26810950838586517
0.1724479530749554
7.119886871555034
1.9886118880962953
-0.21384265083576146
-0.349608345785749
-0.4842373512297609
-0.37924346504868445
-0.33401946113236924
-0.38972349247191007
-0.08131214909508909
-0.4634833994256019
-0.4028453861645186
-0.3415515904961417
0.08626211538200704
-0.347491105442201
-0.4042881074605646
-0.054699874452440414
0.16415032872828061
0.34869374368744116
-0.45940505740690923
-0.3780568111688198
-0.2783091842460923
0.24676642095380436
-0.0018188302376301983
-0.13111413876898736
-0.325388115543038
-0.375271297324506
-0.058109942970367236
0.1882643846764774
0.5047637110765864
-0.10482663255661744
-0.13208219851308747
-0.4629525279530309
-0.40623671804223704
-0.28669695351271446
0.13891831991431658
-0.02921179822229509
-0.1125960926963628
-0.23430306194332237
-0.3955068687495662
-0.07988816443925152
0.19683327479844737
0.44000988251639356
-0.08364173802766547
-0.1365415188826841
-0.3342692830018144
0.19700190456032285
-0.02533955924589467
-0.14053866879380708
-0.25064141220503766
0.09218289368785801
0.428955264793444
-0.12445014040153697
-0.1528174136770381
-0.021848298620398166
-0.08562157634301859
-0.22300486789766372
-0.08414762731329198
-0.11571886606442765
-0.23928700823875387
5.71050186220153
1.7726846450717502
-0.1514496389418257
-0.21692795092340952
-0.4842373512297609
-0.38288461879584806
-0.3031727058026246
-0.4409619578951182
-0.30815040655132003
-0.4564196860670392
-0.43958169206643355
-0.4574876745589174
-0.401177825185972
-0.19320111887285277
-0.3805987486904246
-0.1467592333429923
-0.34175769353843394
-0.18892916490534006
-0.4499055808212559
-0.3559538212696568
-0.20989546529852748
1.0698795164018104
-0.1612051829436603
-0.23494635325714372
-0.32215916788045895
-0.44814433664166736
-0.3097242843288247
-0.2762481538231695
1.2771817036674278
0.0478207752211287
-0.09302879477206842
-0.45759384885343163
-0.3769638404899971
-0.22810123403434557
-0.22445383474044583
-0.41244479149795
-0.2975954325672608
-0.24279700550445876
-0.4417364056903983
-0.14677172443646455
0.9132037309792608
1.2508379875344326
-0.2031939936506603
-0.19461261243521807
-0.4575251478393342
-0.3454925304866395
-0.1807974630548992
0.10151998605837191
-0.0786640372789701
-0.38235374732327704
-0.15151209440918698
-0.25446993235428517
-0.1474150157502859
-0.40593693179890283
-0.2946912533349605
-0.3196796858262154
-0.14326172717075963
-0.23044955960713034
-0.030086174765353246
7.163934270899954
2.9791306625431893
-0.16613916486520275
-0.19149608461388937
-0.4842373512297609
-0.39034804714552307
-0.285903769077226
-0.43876352544400055
-0.1961115436518892
-0.456313511772525
-0.4058744763315415
-0.4335734761062768
-0.316144706373566
-0.19926554475363473
-0.381629263901886
-0.19220807694180814
-0.3292353723324939
-0.10480165036967291
-0.4604293270716345
-0.3779506368743056
-0.20877751243276027
0.11008263063360574
-0.2970895432816343
-0.21245613946034064
-0.30572713441770166
-0.4422610316162332
-0.19611778919862535
0.36215289690380065
1.4506580098101665
-0.0946651280169344
-0.17425837562217136
-0.45710045066127736
-0.37539620825922854
-0.22149969113425647
0.406758591693239
-0.27508648213024933
-0.23603932393596644
-0.2222616478360643
-0.4148243448044154
-0.21409871825194277
-0.0027056978741606163
1.414146543590752
-0.0878512365278169
-0.17157903607237174
-0.43755813492392753
-0.32193432819795825
-0.3197109135598961
-0.06401198463600981
-0.06487387008559571
-0.3153390308446053
-0.06527358507670801
-0.22165582980265972
-0.2130744485872175
-0.2833118671817322
-0.2535018726101851
-0.28772122317743976
-0.01807598839177582
-0.20850895392310667
-0.06883979226303807
7.08194897889478
2.737865192126499
-0.22173149897649805
-0.3858512715001287
-0.5285730094006306
-0.41073468890336884
-0.3552497811251166
-0.4163078926642315
-0.09435737571409047
-0.5041241996301183
-0.42669586725825537
-0.35772107942886305
0.1279998195950686
-0.3811643264412992
-0.4351323683641484
-0.03543821546545959
0.20140590093462696
0.4374660192521457
-0.5011842068204889
-0.41286511847556406
-0.2846303016659896
0.3894887452863094
0.05594016974513761
-0.11126446479903171
-0.3395783411920486
-0.3976112427386463
-0.06866439507341618
0.23008148297637457
0.6174191443563312
-0.08240992667321971
-0.11782618788139299
-0.5036214182510802
-0.440748180716455
-0.29909165760205075
0.1649585118135112
-0.03118587803935794
-0.13237276100034193
-0.23847667541395245
-0.4230911804221011
-0.09517546066981344
0.24869291571907196
0.4682720308660885
-0.1130114170482318
-0.166434069000599
-0.3540567405646873
0.22593140616973828
-0.026430759234218216
-0.1690246713603884
-0.2795087489744323
0.13108468161560727
0.44971172843312374
-0.15533879178860635
-0.19602147489924618
-0.0035840325019967224
-0.10350117943795235
-0.2331591232017532
-0.1100288156471585
-0.14880263386111142
-0.2567046308336547
5.614742226699782
1.9852912771982802
-0.15591826863224345
-0.26140861932906173
-0.5285730094006306
-0.4155409380182412
-0.34815971150885094
-0.4712218453171354
-0.09122138338381912
-0.47919817363543427
-0.4647282959810844
-0.4641658625740248
-0.14686820380955817
-0.21665255487638466
-0.3924385597373563
-0.2767477122488673
-0.30710207279350477
-0.004180552782211383
-0.4943838756260418
-0.39433890291575446
-0.23171043109266043
-0.14550472888335322
-0.3980543720896629
-0.2699473810544202
-0.3748071245978687
-0.466841682116702
-0.08670487269076527
0.7162369896330341
1.4861571935878075
-0.2140534307983065
-0.1820373351873568
-0.4799906934362909
-0.3988383701722307
-0.2699729462092865
0.7625269633776917
-0.006345069227561722
-0.2342243379878508
-0.2758444101102565
-0.4741874032816311
-0.3278013265169535
-0.2412632772943838
1.1305203242421158
-0.049660963289434853
-0.13251763021125118
-0.4646686439530629
-0.31022102168719856
-0.38999282658847617
-0.17506656962713404
-0.10162640141442056
-0.15648070203930298
-0.02282607239806391
-0.3211032559419717
-0.2734242421162428
0.031832228706176545
-0.25664497880563325
-0.3512530952476784
0.023608770557503014
-0.16158521129428272
-0.08655148176156721
6.899774736056493
3.1939436255326474
-0.17006432099161967
-0.22079410996473214
-0.5285730094006306
-0.4050847896779071
-0.3572523849229801
-0.43365811110018937
-0.09695649979216864
-0.4880778040923439
-0.4656486415562727
-0.44451478020009616
-0.1921867016692948
-0.23659337567213187
-0.4058773094787637
-0.25100360129846033
-0.3250232463548109
-0.036477865096690855
-0.4923727501098895
-0.3934270790588549
-0.2666324326400844
0.07150082734045146
-0.3393652982348291
-0.2701007719836182
-0.37247217378674274
-0.4389756633123886
-0.12754946844889195
0.561814932522036
1.1345425752744203
-0.18166237958265044
-0.18841158046736486
-0.4908899711276416
-0.4019658407842133
-0.252222207013756
0.5917517288705232
-0.09290016188670895
-0.1893319260425532
-0.2678510383553801
-0.47688026626088587
-0.2806165723519738
-0.014934961262652832
1.3653874019992052
-0.07320647092133638
-0.13432423448847272
-0.4483154665568924
-0.31635665885512076
-0.358462468919987
-0.13257728223927265
-0.08413983548584222
-0.16239477453171688
-0.08108906033845868
-0.311175454135542
-0.2559461979059532
-0.027598234639781196
-0.2405815398312813
-0.34026860037343987
-0.010921231948637046
-0.21526351479531336
-0.10792395122982962
7.131667734130797
3.040228871039618
-0.1961198266226444
-0.3451714505617086
-0.48202624607978445
-0.37590647654650905
-0.3260933531482753
-0.377923738711912
-0.08171995666836003
-0.4588154607265233
-0.38763211964419164
-0.32158764349416374
0.11215807933061833
-0.343360331975252
-0.393330517147921
-0.028917751375405188
0.18619798143549132
0.3636090720210226
-0.45765713014006326
-0.37589175200515573
-0.255602065509549
0.3414142800211396
0.05441824450385492
-0.09661628433745446
-0.3143431691483372
-0.3610788634037301
-0.05807234325495081
0.21288375854813266
0.549207007598992
-0.07350366259321535
-0.10871004096896969
-0.4588105525460722
-0.4003246742907413
-0.27250093080269305
0.1484687983078706
-0.012941624007068322
-0.11922827167568117
-0.2123806284571452
-0.38596333829081697
-0.07596756917966854
0.21859688059321536
0.4114589232388156
-0.1022410591344173
-0.1572224965476614
-0.32115081543401564
0.2026796513902917
-0.01938606493936519
-0.152196519765733
-0.24588386821636715
0.10562529115020163
0.40755691978018954
-0.1398769868334671
-0.17953508487837092
-0.004396481841699817
-0.09510947293896617
-0.21382363350976918
-0.08904296190140415
-0.13426202839740647
-0.23180720668260674
5.121937865770385
1.807919700644991
-0.1749557525174928
-0.2651092110433335
-0.48202624607978445
-0.39185315483213934
-0.2793871079755891
-0.4442872465912615
-0.22977521997585054
-0.45538464259120304
-0.44317308962886137
-0.45844734719269065
-0.3894825036742571
-0.22103375059243793
-0.38311168544872676
-0.23030039528411844
-0.3857326538096152
-0.2134211627127788
-0.45412324021526984
-0.3714940223209684
-0.21344570361503432
0.3535374857353614
-0.3371760246068635
-0.26651295065234865
-0.3012628682461505
-0.44472407465140956
-0.22986847540442146
0.2338073318111803
2.180823618597913
-0.05368442993166566
-0.16590506776566077
-0.45650861591450537
-0.3910874786817674
-0.22530386758489665
0.3368643967429681
-0.32699645835127805
-0.2851787609078894
-0.2500852706825104
-0.4490089161852216
-0.2615409638553824
0.24044809996152125
1.9469242792006494
-0.09767154313444139
-0.19854937594593988
-0.4595173305310309
-0.39992711167420203
-0.3657563593736302
-0.08944543269839451
-0.14353358126953805
-0.38059869705776256
-0.218388241329294
-0.30691709212581997
-0.25038466969002765
-0.32377178379490407
-0.2795785270131821
-0.30816867814085097
-0.034331474412970645
-0.21302360009623955
-0.08028676797663827
7.078593818963082
2.7102395947755746
-0.1887771886677959
-0.22614807462248618
-0.48202624607978445
-0.3912396322757516
-0.26424537128393955
-0.43468193744845496
-0.20908723937445578
-0.4591786660799049
-0.4370624049672394
-0.4508053102303249
-0.3652262758849112
-0.24468136400584717
-0.38784317140358904
-0.23453615501341943
-0.37790901417055867
-0.17705645375056442
-0.46017011853102746
-0.38747996605020746
-0.2036440672541837
0.18368499304452712
-0.34552974773463907
-0.2706947203966875
-0.28046199949438044
-0.4375188657491919
-0.22890156385555438
0.2945215239913115
2.0786303934255193
-0.108243763826115
-0.20483184692335038
-0.4588203689069744
-0.38221839660662615
-0.23076176424652203
0.37919745313372244
-0.320782701900183
-0.24969752442687337
-0.2236596271337775
-0.43985515964391647
-0.24441141408103656
0.04852842796253257
2.1282570059666113
-0.054381391555722136
-0.18134129528437642
-0.4517476808769365
-0.375950650170569
-0.35436447254662257
-0.08159725215708248
-0.10267788719456539
-0.3762058755540263
-0.18105662081821253
-0.27622623976507943
-0.23863448569008955
-0.3357968259001039
-0.2803981931485161
-0.2812178592838501
-0.054047635285047205
-0.24138797492315775
-0.1363872705327336
7.138046608767279
2.56074132641546
-0.1839767449728287
-0.30941984682980744
-0.44134612727848055
-0.3431409140296925
-0.29983840415101937
-0.3469283589078131
-0.08273425708748021
-0.41996932486654404
-0.35502775793864094
-0.2999359872718727
0.06956859878438258
-0.3105664484998343
-0.3610596145963885
-0.01942720743387074
0.145902995071914
0.28986249411081555
-0.41940822192163724
-0.34585494457842625
-0.23722663423349
0.26774162040237226
0.04436165887895214
-0.09078486455788141
-0.29250137325185827
-0.3422626659420124
-0.0640165947187974
0.17446435475667826
0.49983087546195365
-0.06390681370783739
-0.09500533453478871
-0.4209085624047575
-0.3694456640447231
-0.25494406961342597
0.0958062604038265
-0.03363774940813953
-0.11647972006757859
-0.2008464269903512
-0.3585346513443082
-0.09933558552265603
0.14835477098335437
0.34752801959009083
-0.09666424758929563
-0.14820643223502333
-0.3015888013813263
0.13804755384321948
-0.063534778059584
-0.1608434463855319
-0.228340471290782
0.07337434049766314
0.32222349656380705
-0.15024347988283698
-0.1764079541616409
-0.023830645762378064
-0.10541013479577693
-0.20540233894519191
-0.08933331563518787
-0.13087932933850074
-0.2055975051868986
5.402815496452727
1.6448712155551384
-0.1855990643570156
-0.24852797941731836
-0.44134612727848055
-0.37175106527488344
-0.27623548679461585
-0.41452296693391655
-0.2195945840843007
-0.41732848165845027
-0.4092839731331024
-0.41796277194399706
-0.3409818874808122
-0.1969613989913773
-0.35478380013650757
-0.23753768043121004
-0.3499900293245869
-0.1811834281384016
-0.41947531031722396
-0.3437752043152393
-0.2170696208322203
-0.014249203083589963
-0.3502034924014536
-0.2533949375698791
-0.3030891418644465
-0.40949133726491577
-0.1868798428182158
0.28081165965166754
2.179090010666792
-0.13951543553402204
-0.17541992506300075
-0.41790788143851704
-0.359882518201095
-0.22673034979670176
0.39527666041264464
-0.2867378701764574
-0.2692095020931748
-0.2521995443394256
-0.4115954733083161
-0.28381037655085695
-0.1395642270944487
1.9372851361372487
-0.09969542328080275
-0.1917955925312032
-0.41703573229589025
-0.36232819516748205
-0.3688540663745497
-0.14327238568687595
-0.1452240481039429
-0.313225588543088
-0.1654725456810126
-0.29575820991033874
-0.25648710271191955
-0.2711733624003484
-0.24647873387939806
-0.3017717697329263
0.0046880213070128705
-0.18514164347801554
-0.05470960456740935
7.110514012441263
2.4345504231707498
-0.1851538413681222
-0.20836642624111235
-0.44134612727848055
-0.36291369389260214
-0.246240875022318
-0.40521597678252846
-0.21000704246045926
-0.42306758895363783
-0.41250421612126287
-0.41903618627338385
-0.3499839303795335
-0.22682183397250177
-0.3678721362209629
-0.22929800566415548
-0.35751612752040135
-0.1623376879235988
-0.4215367537452509
-0.3567476604436812
-0.22202806316058105
0.22079194138180522
-0.33593196097665146
-0.26268363088610713
-0.2776321452118294
-0.40881435436399566
-0.23706196271704996
0.03328597466209715
1.9485559865958104
-0.14188792515976906
-0.20282858413268484
-0.422177142975851
-0.35946169099241493
-0.23376243344319614
0.10015480822685383
-0.32644810141871666
-0.23768405511249008
-0.217209896568447
-0.4119431131763561
-0.22690721920324844
0.10129531095182732
2.0790185202316835
-0.1263966047243001
-0.18435487956613542
-0.4179749698341037
-0.34167106827183896
-0.32669205922085004
-0.055575654764982815
-0.09076656772272142
-0.3476480344241065
-0.16147163772602532
-0.264141278753854
-0.2198812345018074
-0.31811084353080876
-0.27524135875092237
-0.2786811637610029
-0.0916387168653482
-0.24145930210050395
-0.12525610199932657
7.312803821970253
2.3814835022616885
