1465.0
3279.0
2685.0
12114.0
1924.0
2655.0
10798.0
20331.0
3087.0
16227.0
3408.0
44220.0
8225.0
30939.0
18376.0
246651.0
71744.0
60436.0
55867.0
238337.0
3128.0
3595.0
4586.0
19175.0
6033.0
3088.0
18447.0
35329.0
5113.0
11523.0
3727.0
40524.0
12702.0
18416.0
22929.0
218069.0
73062.0
65178.0
60434.0
227710.0
1966.0
3670.0
3283.0
17900.0
2505.0
2754.0
7459.0
27667.0
2880.0
12360.0
3787.0
52671.0
7301.0
18367.0
17448.0
244366.0
71863.0
62564.0
58359.0
233598.0
1167.0
3129.0
3008.0
19467.0
1209.0
2313.0
6165.0
27966.0
2187.0
12513.0
3856.0
62055.0
4376.0
17478.0
15237.0
244258.0
76061.0
65689.0
55993.0
228641.0
1041.0
3337.0
3098.0
22633.0
1279.0
2659.0
7059.0
37122.0
1725.0
10589.0
3545.0
57221.0
3788.0
16519.0
15581.0
239188.0
79392.0
69567.0
57640.0
219785.0
5745.0
5749.0
7065.0
10625.0
7509.0
3012.0
55274.0
23325.0
7482.0
34464.0
4591.0
33989.0
13971.0
28725.0
36873.0
147985.0
65918.0
73666.0
67752.0
219048.0
8418.0
10195.0
8643.0
18699.0
8020.0
3511.0
27280.0
18874.0
19554.0
73942.0
6299.0
43583.0
30877.0
36053.0
32309.0
80127.0
84246.0
77821.0
75034.0
189283.0
9019.0
13736.0
8495.0
50222.0
16266.0
5221.0
26980.0
21012.0
13062.0
36230.0
6509.0
50814.0
50148.0
28785.0
33271.0
56614.0
80420.0
86795.0
79216.0
179953.0
8710.0
12754.0
14252.0
73267.0
10060.0
5238.0
26416.0
37145.0
6857.0
22295.0
6624.0
52708.0
19471.0
17382.0
28550.0
84655.0
81222.0
85143.0
73848.0
186171.0
7755.0
9846.0
8960.0
47085.0
7954.0
4927.0
26126.0
35726.0
6793.0
18530.0
5671.0
44798.0
22336.0
18892.0
22979.0
138006.0
73833.0
74535.0
64845.0
213171.0
4033.0
3770.0
4260.0
7914.0
4516.0
1806.0
26518.0
20386.0
7467.0
36665.0
3301.0
32640.0
16865.0
32318.0
36252.0
187673.0
60343.0
60937.0
58650.0
246454.0
11579.0
12901.0
9283.0
19184.0
12267.0
4859.0
31329.0
19230.0
23793.0
87389.0
4804.0
27021.0
43153.0
49811.0
26033.0
43748.0
100613.0
82051.0
76705.0
167015.0
8015.0
11675.0
13159.0
51850.0
13443.0
4866.0
45718.0
32843.0
12572.0
61021.0
4158.0
27809.0
46479.0
30470.0
27697.0
34609.0
91051.0
89577.0
79296.0
166460.0
7346.0
14640.0
13040.0
48754.0
12296.0
5171.0
69852.0
36376.0
11079.0
54544.0
4004.0
27021.0
40277.0
25621.0
27499.0
28864.0
87899.0
95484.0
87653.0
155348.0
4520.0
8900.0
10851.0
60595.0
6863.0
3203.0
44498.0
54235.0
7974.0
54294.0
1794.0
22264.0
41817.0
44332.0
19399.0
40845.0
72301.0
94139.0
72807.0
187137.0
5573.0
10900.0
6170.0
28415.0
3216.0
4297.0
9815.0
21494.0
5664.0
16738.0
6019.0
42830.0
15123.0
22664.0
28333.0
199133.0
58232.0
60968.0
59236.0
247948.0
8898.0
12177.0
7319.0
24816.0
13463.0
4889.0
24994.0
16557.0
19043.0
34561.0
6824.0
34898.0
64202.0
36299.0
43991.0
73453.0
76458.0
80387.0
78323.0
191216.0
8544.0
14641.0
9700.0
23022.0
15474.0
4654.0
47740.0
18702.0
13767.0
64149.0
6072.0
28827.0
47312.0
29375.0
55382.0
39023.0
82781.0
94354.0
86217.0
163032.0
7135.0
8902.0
12919.0
37690.0
11407.0
3606.0
71260.0
35681.0
8166.0
34358.0
4664.0
29432.0
25712.0
21527.0
46092.0
67833.0
83109.0
87675.0
80213.0
175387.0
8560.0
8567.0
13317.0
28063.0
9079.0
4183.0
69919.0
37583.0
9909.0
45539.0
5064.0
31209.0
22746.0
22267.0
30477.0
79902.0
80744.0
85488.0
75958.0
184194.0
2236.0
3519.0
3698.0
11741.0
4161.0
3653.0
14157.0
27125.0
4706.0
14268.0
4274.0
30115.0
19340.0
37949.0
39651.0
205791.0
89846.0
72775.0
65954.0
197809.0
2826.0
4593.0
4374.0
14965.0
4107.0
4082.0
15646.0
33094.0
4309.0
12734.0
4454.0
32798.0
16146.0
31469.0
39092.0
201695.0
88981.0
83101.0
73314.0
180988.0
4623.0
7949.0
5705.0
16784.0
7541.0
5469.0
22895.0
35282.0
4342.0
14266.0
5726.0
31675.0
14680.0
23419.0
45462.0
180566.0
89314.0
82105.0
70223.0
184742.0
2162.0
2490.0
4872.0
11155.0
4595.0
3040.0
25473.0
35341.0
3309.0
7606.0
4466.0
21550.0
15219.0
22027.0
55619.0
207460.0
87557.0
79463.0
62477.0
196887.0
3246.0
3250.0
7284.0
19033.0
4818.0
3701.0
29886.0
42993.0
2565.0
5443.0
4604.0
18246.0
13105.0
16539.0
56193.0
195478.0
74854.0
66257.0
58901.0
226372.0
1086.0
2529.0
2010.0
12024.0
1291.0
1983.0
5432.0
20236.0
1957.0
10748.0
2357.0
34534.0
4912.0
18996.0
12831.0
186862.0
53737.0
43400.0
42790.0
179861.0
931.0
2460.0
2651.0
16737.0
1196.0
2039.0
6958.0
30378.0
1404.0
7273.0
2256.0
35230.0
3205.0
11654.0
12455.0
182961.0
55909.0
44829.0
43467.0
175583.0
763.0
2580.0
2375.0
20758.0
648.0
1542.0
3735.0
23717.0
1294.0
8880.0
2767.0
57942.0
2038.0
10024.0
8548.0
172177.0
56034.0
46775.0
42328.0
174651.0
664.0
2270.0
1839.0
14394.0
572.0
1306.0
2859.0
16506.0
1511.0
10558.0
3316.0
65661.0
2188.0
11241.0
8458.0
176445.0
56544.0
47447.0
41448.0
174349.0
728.0
2104.0
2115.0
17403.0
556.0
1310.0
3844.0
21177.0
1311.0
8715.0
2657.0
57084.0
1913.0
9925.0
7978.0
180968.0
53685.0
46973.0
40702.0
178428.0
4151.0
3830.0
5415.0
8618.0
4644.0
2466.0
35552.0
17114.0
6800.0
26724.0
3877.0
26555.0
11960.0
23622.0
26120.0
112340.0
50381.0
49887.0
54545.0
164975.0
5431.0
8487.0
5449.0
18119.0
9972.0
2979.0
21603.0
13044.0
11287.0
51899.0
4593.0
38939.0
23480.0
22067.0
26727.0
55712.0
50952.0
67740.0
57852.0
143244.0
7405.0
11699.0
8555.0
49273.0
10922.0
3662.0
18006.0
16685.0
8343.0
25653.0
5793.0
46496.0
25621.0
16753.0
24105.0
40817.0
53612.0
73983.0
57503.0
134690.0
4953.0
8010.0
7084.0
52763.0
5502.0
3143.0
12016.0
29783.0
3734.0
14249.0
4121.0
45622.0
10543.0
11782.0
14913.0
91570.0
52764.0
63348.0
50770.0
152906.0
5978.0
7129.0
6900.0
30881.0
6678.0
3004.0
24123.0
20438.0
6223.0
14626.0
4455.0
34109.0
23567.0
16935.0
19857.0
94885.0
53814.0
56521.0
54989.0
154464.0
3884.0
3433.0
2598.0
4048.0
5058.0
1809.0
15214.0
10723.0
10336.0
43047.0
2455.0
18247.0
22101.0
37998.0
24035.0
114802.0
48408.0
52710.0
46438.0
172232.0
6275.0
8510.0
7884.0
27550.0
7793.0
3083.0
26351.0
20383.0
13918.0
48741.0
3131.0
20667.0
43570.0
34689.0
18897.0
28346.0
66837.0
69530.0
56497.0
126924.0
6067.0
8638.0
10787.0
30636.0
9985.0
3551.0
47932.0
25862.0
9773.0
35966.0
3487.0
20072.0
34683.0
21371.0
23755.0
27223.0
65060.0
68603.0
66534.0
119591.0
4397.0
8642.0
6038.0
25482.0
8210.0
3789.0
34216.0
21697.0
9798.0
49132.0
2064.0
19339.0
41400.0
37338.0
20550.0
27696.0
61900.0
77414.0
67766.0
112708.0
2503.0
4497.0
7629.0
50148.0
3644.0
1934.0
35682.0
48895.0
4242.0
27253.0
1063.0
15660.0
35168.0
29168.0
12775.0
39527.0
48595.0
79722.0
59148.0
132323.0
3917.0
7740.0
3966.0
18398.0
3219.0
2941.0
6361.0
14642.0
5780.0
14076.0
3965.0
28801.0
23052.0
23090.0
23032.0
136808.0
42700.0
52292.0
44050.0
180746.0
5580.0
9274.0
5309.0
17726.0
10291.0
3660.0
20614.0
13040.0
11832.0
26612.0
4566.0
27738.0
54022.0
22711.0
37094.0
49719.0
54831.0
60484.0
67175.0
137298.0
7090.0
9516.0
9434.0
22934.0
10829.0
3480.0
46961.0
17782.0
7996.0
37557.0
5001.0
19239.0
29159.0
19527.0
43472.0
29811.0
57867.0
68387.0
74955.0
118579.0
4350.0
5054.0
7989.0
17937.0
6292.0
2507.0
54488.0
30156.0
5397.0
26420.0
3333.0
20714.0
16093.0
16271.0
33916.0
68871.0
60311.0
61696.0
63312.0
134469.0
6489.0
7235.0
9009.0
21693.0
6296.0
3193.0
46841.0
24460.0
8201.0
44433.0
4014.0
24780.0
14339.0
18008.0
24304.0
56493.0
56708.0
65040.0
63194.0
134846.0
1742.0
2593.0
3196.0
9055.0
3375.0
2709.0
11989.0
21992.0
3443.0
9814.0
3405.0
21371.0
14510.0
26711.0
32614.0
151269.0
67897.0
47842.0
48421.0
155628.0
2399.0
3587.0
3822.0
9976.0
3884.0
2978.0
17207.0
24160.0
3110.0
7737.0
3726.0
20853.0
13695.0
20070.0
40966.0
141618.0
67929.0
48060.0
50691.0
153108.0
2569.0
5292.0
4235.0
10671.0
4182.0
2966.0
17995.0
24342.0
3394.0
9537.0
4012.0
20982.0
13448.0
17761.0
43265.0
135137.0
65616.0
51717.0
50033.0
152422.0
1528.0
1682.0
3465.0
7333.0
3597.0
2283.0
20575.0
26792.0
2360.0
4787.0
3142.0
13833.0
11590.0
15854.0
44370.0
156597.0
64207.0
46211.0
47736.0
161634.0
3243.0
2587.0
6924.0
15430.0
3555.0
2914.0
25177.0
33010.0
1712.0
3074.0
3739.0
12764.0
7809.0
10074.0
41312.0
146464.0
52292.0
44657.0
43665.0
179174.0
945.0
2241.0
1848.0
8469.0
1243.0
1895.0
6307.0
14512.0
2169.0
11420.0
2031.0
30427.0
5823.0
21929.0
12414.0
172427.0
50706.0
40422.0
40314.0
164658.0
2470.0
2430.0
3377.0
12393.0
5255.0
2301.0
14272.0
23195.0
2780.0
7447.0
2942.0
27849.0
7779.0
12086.0
18457.0
151067.0
49085.0
45238.0
43162.0
158615.0
2127.0
3438.0
2452.0
12152.0
2716.0
2189.0
5217.0
19065.0
2320.0
8582.0
3052.0
35810.0
5198.0
13348.0
12839.0
165595.0
50386.0
42460.0
42145.0
161109.0
932.0
2299.0
2109.0
13501.0
1026.0
1651.0
4541.0
20017.0
1603.0
8222.0
2742.0
40462.0
3395.0
12187.0
11008.0
170405.0
52318.0
40279.0
42197.0
161306.0
717.0
2131.0
2163.0
15223.0
824.0
1760.0
5245.0
26500.0
1322.0
7565.0
2606.0
38040.0
2840.0
11747.0
11394.0
166023.0
53738.0
42709.0
43556.0
156097.0
3950.0
3496.0
5613.0
7236.0
4361.0
1743.0
37991.0
16259.0
5687.0
26468.0
3450.0
24951.0
9480.0
20063.0
27008.0
98344.0
44671.0
52693.0
45381.0
153355.0
5616.0
7058.0
6003.0
12906.0
5008.0
2415.0
17145.0
12535.0
14628.0
53226.0
4394.0
29826.0
24840.0
28252.0
19993.0
52255.0
57253.0
59319.0
54038.0
125490.0
5382.0
9386.0
6808.0
35481.0
10102.0
3997.0
20784.0
18358.0
8047.0
28901.0
3856.0
32206.0
35048.0
21193.0
20472.0
36079.0
54899.0
68122.0
60332.0
112747.0
5844.0
7818.0
8718.0
51485.0
8021.0
3263.0
24965.0
24199.0
5144.0
13402.0
4038.0
33419.0
18886.0
12664.0
22536.0
51698.0
53183.0
60319.0
56013.0
126585.0
4381.0
5717.0
5413.0
32929.0
5486.0
2967.0
19650.0
25228.0
4574.0
12853.0
3267.0
29551.0
17297.0
13059.0
16683.0
97045.0
47164.0
53353.0
50174.0
145409.0
2235.0
2431.0
2524.0
4943.0
2861.0
1182.0
15655.0
13489.0
4761.0
22793.0
2293.0
20719.0
13139.0
22612.0
24187.0
140276.0
36047.0
42208.0
37977.0
179868.0
7324.0
7625.0
5710.0
12446.0
8330.0
3121.0
20381.0
11008.0
16768.0
63287.0
3027.0
17310.0
35605.0
38747.0
18234.0
27177.0
64680.0
60123.0
64734.0
106563.0
5048.0
8798.0
7548.0
35981.0
8603.0
2955.0
30316.0
20985.0
8175.0
50702.0
2736.0
20806.0
31366.0
21921.0
18213.0
21947.0
57391.0
74692.0
57643.0
106374.0
5273.0
10333.0
10959.0
42743.0
7455.0
3668.0
40353.0
29502.0
7801.0
37639.0
2901.0
21758.0
23803.0
17092.0
14863.0
19957.0
59787.0
67130.0
61432.0
107751.0
2944.0
6424.0
7020.0
38752.0
4456.0
2297.0
33951.0
37063.0
5508.0
45239.0
1165.0
15619.0
29217.0
30891.0
11768.0
23786.0
45197.0
62865.0
61142.0
126896.0
3527.0
7006.0
4583.0
22301.0
2013.0
2787.0
5756.0
15521.0
3731.0
10841.0
3825.0
31089.0
11754.0
16065.0
17672.0
137629.0
40406.0
43766.0
40456.0
171472.0
6982.0
9258.0
5758.0
19735.0
9724.0
4085.0
14931.0
12304.0
12172.0
23217.0
5371.0
25620.0
40549.0
22565.0
30802.0
53027.0
48826.0
60214.0
54732.0
132328.0
6997.0
10053.0
5797.0
12748.0
14386.0
3921.0
36678.0
11520.0
7885.0
36137.0
4373.0
19124.0
35003.0
16751.0
46225.0
28502.0
55210.0
67164.0
58064.0
115662.0
5226.0
6342.0
8839.0
21308.0
8514.0
2819.0
48409.0
24400.0
6170.0
23307.0
3554.0
19386.0
19998.0
15079.0
33239.0
49510.0
56598.0
61149.0
53960.0
124393.0
6138.0
6080.0
8635.0
20392.0
6521.0
3157.0
49503.0
25882.0
6355.0
33311.0
3491.0
21240.0
14573.0
14515.0
22359.0
53948.0
55282.0
57654.0
52502.0
130662.0
1571.0
2469.0
2677.0
8146.0
2979.0
2722.0
10234.0
19320.0
3333.0
10240.0
3051.0
21333.0
13435.0
26315.0
28246.0
140029.0
63526.0
44988.0
44418.0
143168.0
1765.0
2768.0
2864.0
9390.0
2941.0
2733.0
11264.0
22257.0
2847.0
8241.0
3070.0
21478.0
11009.0
21133.0
28358.0
143982.0
58397.0
46948.0
44768.0
145987.0
2957.0
5479.0
4359.0
11976.0
4450.0
3506.0
15647.0
24847.0
3149.0
9963.0
4010.0
21320.0
10716.0
16232.0
31283.0
126206.0
59902.0
48716.0
46098.0
141384.0
1593.0
1880.0
3407.0
7791.0
3437.0
2321.0
17335.0
24629.0
2457.0
5510.0
2897.0
15067.0
11070.0
15687.0
38422.0
142597.0
60189.0
45440.0
42309.0
148162.0
2428.0
2331.0
5430.0
13343.0
3286.0
2758.0
19391.0
29670.0
2176.0
4200.0
3288.0
12616.0
10540.0
12122.0
37495.0
135026.0
51409.0
45467.0
40671.0
158553.0
230.0
465.0
410.0
1648.0
290.0
378.0
1289.0
2996.0
440.0
2371.0
504.0
6019.0
1168.0
4472.0
2716.0
33824.0
9824.0
11711.0
6233.0
31452.0
504.0
470.0
702.0
2707.0
1098.0
464.0
2938.0
4859.0
547.0
1686.0
547.0
5430.0
1573.0
2553.0
3982.0
29160.0
9637.0
11970.0
7114.0
30499.0
336.0
623.0
485.0
2613.0
429.0
380.0
1048.0
3995.0
417.0
1956.0
608.0
7202.0
913.0
2844.0
2488.0
32883.0
9188.0
13686.0
5195.0
31151.0
185.0
518.0
471.0
2696.0
218.0
358.0
933.0
4407.0
305.0
1846.0
647.0
8149.0
671.0
2805.0
2116.0
32895.0
10445.0
12499.0
5087.0
31189.0
170.0
452.0
462.0
3117.0
183.0
374.0
1184.0
5407.0
299.0
1637.0
462.0
7595.0
629.0
2449.0
2340.0
32460.0
10951.0
10726.0
7183.0
30360.0
1102.0
841.0
1349.0
1467.0
975.0
404.0
7598.0
3351.0
1305.0
5219.0
803.0
4735.0
1911.0
3984.0
4951.0
19225.0
7489.0
12020.0
6983.0
32728.0
1353.0
1573.0
1258.0
2582.0
1166.0
499.0
3557.0
2480.0
2979.0
10564.0
830.0
6098.0
4653.0
5363.0
4085.0
10180.0
8128.0
11847.0
7142.0
32103.0
1428.0
2172.0
1406.0
6575.0
2158.0
834.0
3848.0
3504.0
1876.0
5511.0
890.0
6273.0
7080.0
4221.0
4000.0
7444.0
7035.0
16004.0
6940.0
29241.0
1277.0
1748.0
2010.0
9567.0
1675.0
722.0
4636.0
5119.0
1059.0
2822.0
917.0
6627.0
3685.0
2651.0
4243.0
10462.0
8018.0
15298.0
6844.0
29060.0
1196.0
1351.0
1297.0
6082.0
1084.0
710.0
3838.0
4718.0
1127.0
2680.0
817.0
5852.0
3077.0
2761.0
3205.0
19425.0
8397.0
12205.0
7744.0
30874.0
639.0
605.0
692.0
1073.0
716.0
338.0
3021.0
2934.0
1152.0
4622.0
525.0
4756.0
2593.0
4849.0
4998.0
25707.0
5923.0
10612.0
4688.0
37997.0
1511.0
1651.0
1276.0
2559.0
1873.0
631.0
4329.0
2453.0
3561.0
12256.0
599.0
3376.0
6911.0
7066.0
3685.0
5483.0
12068.0
13794.0
6213.0
27145.0
1150.0
1916.0
1879.0
6543.0
1813.0
650.0
6111.0
4158.0
1675.0
9494.0
598.0
4074.0
6646.0
4278.0
3676.0
4559.0
8217.0
14601.0
5966.0
30436.0
1193.0
2395.0
2248.0
7059.0
1665.0
907.0
8239.0
5237.0
1718.0
7874.0
733.0
4343.0
4961.0
3402.0
3202.0
4044.0
7378.0
18100.0
5872.0
27870.0
728.0
1427.0
1715.0
7711.0
1019.0
567.0
6476.0
7306.0
1376.0
8421.0
257.0
2967.0
5848.0
6145.0
2377.0
4880.0
5972.0
16307.0
5897.0
31044.0
897.0
1299.0
954.0
4512.0
460.0
670.0
1226.0
3240.0
773.0
2079.0
964.0
6176.0
2309.0
3229.0
3975.0
26457.0
5203.0
10362.0
4728.0
38927.0
1532.0
1875.0
1143.0
3595.0
1818.0
818.0
3056.0
2382.0
2745.0
4936.0
1180.0
5105.0
8012.0
4645.0
5884.0
10494.0
7430.0
12467.0
7198.0
32125.0
1162.0
1641.0
1426.0
3029.0
2816.0
645.0
6977.0
2568.0
1762.0
7609.0
914.0
3984.0
7112.0
3765.0
8197.0
5613.0
7570.0
13432.0
9195.0
29023.0
1222.0
1349.0
1839.0
4383.0
1833.0
575.0
9260.0
4866.0
1380.0
4767.0
820.0
3962.0
3829.0
3096.0
6269.0
9770.0
9137.0
13926.0
7770.0
28387.0
1286.0
1292.0
1795.0
4024.0
1371.0
695.0
9737.0
5274.0
1501.0
6437.0
672.0
4188.0
2690.0
3229.0
4243.0
10786.0
9590.0
14264.0
8253.0
27113.0
354.0
562.0
541.0
1761.0
671.0
569.0
2016.0
4126.0
632.0
2058.0
696.0
4195.0
2677.0
5251.0
5418.0
27693.0
10344.0
11041.0
6426.0
31409.0
382.0
668.0
568.0
1922.0
676.0
608.0
2289.0
4512.0
550.0
1739.0
627.0
4268.0
2181.0
4240.0
5632.0
28358.0
9419.0
11769.0
6162.0
31870.0
627.0
1048.0
916.0
2619.0
1096.0
757.0
3254.0
5043.0
685.0
2155.0
775.0
4184.0
2128.0
3332.0
5996.0
24605.0
10228.0
13737.0
5852.0
29403.0
299.0
364.0
705.0
1579.0
647.0
473.0
3431.0
4995.0
497.0
1157.0
627.0
2962.0
2229.0
3287.0
7619.0
28349.0
10581.0
12283.0
5426.0
30930.0
466.0
448.0
1075.0
2801.0
677.0
538.0
3847.0
5999.0
442.0
758.0
509.0
2693.0
2007.0
2393.0
7722.0
26845.0
9316.0
10316.0
6850.0
32738.0
1179.0
2736.0
2153.0
10416.0
1426.0
2385.0
7751.0
17436.0
2575.0
14095.0
2738.0
37398.0
7222.0
26623.0
15194.0
215837.0
61163.0
49799.0
49773.0
206429.0
2978.0
2911.0
4130.0
15253.0
6281.0
2827.0
17727.0
28598.0
3578.0
8867.0
3425.0
34489.0
10107.0
14943.0
22733.0
188317.0
60159.0
56496.0
52334.0
198175.0
2479.0
4138.0
3212.0
15507.0
3358.0
2605.0
6531.0
23673.0
2974.0
10749.0
3774.0
44184.0
6424.0
16669.0
15787.0
205100.0
62066.0
51837.0
52565.0
200696.0
1164.0
2868.0
2628.0
16551.0
1172.0
2098.0
5645.0
25113.0
1916.0
10295.0
3565.0
50163.0
4218.0
15431.0
13556.0
210781.0
65997.0
48878.0
53299.0
198990.0
860.0
2653.0
2779.0
18935.0
1078.0
2242.0
6360.0
32649.0
1582.0
9270.0
3317.0
46837.0
3430.0
14312.0
13862.0
206998.0
65283.0
52315.0
54825.0
194741.0
5030.0
4573.0
6762.0
8696.0
5595.0
2273.0
46983.0
20273.0
7126.0
32714.0
4063.0
30591.0
11598.0
25173.0
33257.0
122457.0
55918.0
63549.0
55557.0
192140.0
7039.0
8801.0
7461.0
16077.0
6346.0
2877.0
20893.0
15368.0
18357.0
65534.0
5282.0
37611.0
30368.0
35678.0
24926.0
64546.0
72495.0
73826.0
66684.0
154159.0
7045.0
12009.0
7902.0
43982.0
12540.0
4754.0
25423.0
22800.0
10231.0
35567.0
4520.0
39969.0
43744.0
26921.0
24987.0
44770.0
68222.0
83176.0
76081.0
139685.0
7207.0
9709.0
11019.0
63456.0
9999.0
4131.0
30815.0
30757.0
6150.0
17134.0
4901.0
40550.0
23600.0
15654.0
27888.0
64194.0
65102.0
72424.0
72846.0
156792.0
5820.0
7388.0
7032.0
41077.0
6547.0
3523.0
24361.0
31712.0
5736.0
15894.0
3957.0
37224.0
21719.0
15945.0
20915.0
118314.0
58991.0
66278.0
62711.0
179184.0
2769.0
3048.0
3022.0
6092.0
3651.0
1488.0
19161.0
16689.0
5823.0
28292.0
2700.0
25823.0
16247.0
28276.0
29938.0
174145.0
45391.0
52317.0
46845.0
222611.0
9173.0
9891.0
7251.0
15295.0
10539.0
3907.0
25186.0
13750.0
20575.0
78269.0
3841.0
22006.0
43402.0
47041.0
22631.0
34407.0
81866.0
74518.0
77072.0
133708.0
6587.0
11160.0
9430.0
43867.0
10370.0
3733.0
37425.0
26311.0
10304.0
62572.0
3611.0
26365.0
39234.0
26958.0
22048.0
27189.0
73515.0
89428.0
72859.0
131362.0
6482.0
13378.0
13915.0
52421.0
9241.0
4420.0
50988.0
35794.0
9735.0
46530.0
3527.0
27102.0
29527.0
20918.0
18189.0
24997.0
74291.0
78431.0
79633.0
134809.0
3723.0
7914.0
8482.0
47716.0
5614.0
2881.0
42507.0
46898.0
6930.0
56188.0
1441.0
19232.0
36204.0
38165.0
14007.0
29262.0
59159.0
75584.0
75965.0
156456.0
4553.0
8830.0
5388.0
27552.0
2519.0
3613.0
7429.0
18839.0
4579.0
13267.0
4389.0
38350.0
14362.0
20076.0
21884.0
171534.0
49716.0
52725.0
52238.0
212485.0
8726.0
11675.0
7415.0
23878.0
11839.0
4986.0
18799.0
15663.0
15603.0
27905.0
6774.0
31890.0
50777.0
27860.0
37096.0
66278.0
62747.0
72381.0
68210.0
163826.0
8498.0
12456.0
7181.0
15534.0
17898.0
4908.0
45319.0
13813.0
10232.0
43980.0
5481.0
24130.0
44055.0
20926.0
57491.0
35262.0
69616.0
81551.0
70786.0
145211.0
6655.0
7501.0
10550.0
26274.0
10747.0
3546.0
60420.0
30320.0
7709.0
28970.0
4430.0
23436.0
24328.0
18784.0
41932.0
61562.0
71591.0
70858.0
67268.0
157447.0
7825.0
7568.0
11141.0
25204.0
8435.0
3903.0
61006.0
31679.0
8109.0
40535.0
4599.0
26510.0
17918.0
18155.0
27950.0
66627.0
70010.0
67220.0
64916.0
165018.0
1851.0
3014.0
3225.0
10078.0
3620.0
3331.0
12587.0
24018.0
4049.0
12578.0
3780.0
26311.0
16577.0
32772.0
35061.0
174312.0
78604.0
55229.0
54773.0
178558.0
2239.0
3309.0
3658.0
11536.0
3502.0
3347.0
13990.0
27464.0
3560.0
10443.0
3891.0
26624.0
13576.0
25966.0
35611.0
178448.0
72394.0
57399.0
55649.0
181722.0
3766.0
6835.0
5361.0
15039.0
5508.0
4321.0
19538.0
30837.0
3762.0
12432.0
4924.0
26237.0
13393.0
20315.0
38689.0
156207.0
75170.0
58567.0
58281.0
175146.0
1805.0
2245.0
4155.0
9509.0
4054.0
2796.0
21815.0
30624.0
2926.0
6869.0
3596.0
18297.0
13563.0
19826.0
47178.0
177906.0
74563.0
55802.0
52366.0
184433.0
2999.0
2873.0
6623.0
16691.0
4145.0
3351.0
23739.0
36218.0
2652.0
4918.0
4143.0
15714.0
12978.0
14522.0
46508.0
169090.0
63589.0
55636.0
50303.0
197636.0
597.0
1445.0
1072.0
5780.0
756.0
1213.0
2685.0
9317.0
1449.0
7846.0
1427.0
21616.0
4153.0
15626.0
8488.0
117878.0
34831.0
26428.0
27808.0
112281.0
1097.0
1691.0
2034.0
9929.0
1590.0
1238.0
7510.0
19079.0
1586.0
5304.0
1571.0
19676.0
3783.0
8292.0
9135.0
107833.0
33466.0
28087.0
31174.0
108621.0
542.0
1431.0
1334.0
8896.0
632.0
1081.0
3221.0
14289.0
975.0
5891.0
1604.0
25997.0
2331.0
8828.0
7516.0
116780.0
35822.0
28065.0
28196.0
109265.0
491.0
1393.0
1384.0
9143.0
527.0
979.0
2813.0
14021.0
1020.0
5715.0
1931.0
29852.0
1776.0
8340.0
6925.0
115038.0
36273.0
27742.0
28594.0
108739.0
487.0
1464.0
1305.0
10271.0
558.0
1139.0
3226.0
16330.0
881.0
5357.0
1672.0
29638.0
1842.0
8273.0
7408.0
111497.0
36480.0
32223.0
28814.0
103831.0
2171.0
2705.0
2932.0
5472.0
3630.0
1632.0
27634.0
11672.0
2668.0
12909.0
1757.0
15765.0
6268.0
13911.0
15049.0
75173.0
29451.0
36146.0
37067.0
98684.0
3556.0
3774.0
3885.0
6809.0
4999.0
1494.0
17232.0
9088.0
8264.0
30916.0
2978.0
18417.0
15259.0
16519.0
18178.0
39980.0
35757.0
45696.0
42826.0
77069.0
3965.0
6574.0
3938.0
20317.0
7729.0
2474.0
12414.0
10232.0
5530.0
19701.0
3080.0
24650.0
22822.0
12439.0
16329.0
29154.0
34502.0
51219.0
45092.0
70535.0
3994.0
6347.0
6094.0
34850.0
5121.0
2197.0
11269.0
15144.0
3585.0
11470.0
3059.0
27018.0
11772.0
8566.0
14268.0
36594.0
35685.0
50494.0
40493.0
74676.0
3123.0
4471.0
3648.0
23627.0
3382.0
2132.0
10151.0
17275.0
2585.0
7785.0
2551.0
23045.0
9368.0
8528.0
10234.0
69443.0
33408.0
39056.0
33948.0
94936.0
1461.0
1711.0
1764.0
3706.0
1909.0
806.0
12951.0
10668.0
2583.0
14890.0
1482.0
15023.0
5418.0
12958.0
16332.0
97686.0
25265.0
34357.0
32191.0
109535.0
4587.0
4624.0
3355.0
4776.0
4852.0
1736.0
13982.0
6111.0
11489.0
45547.0
2011.0
12321.0
20988.0
26558.0
12805.0
25606.0
40622.0
49891.0
40451.0
70384.0
3616.0
5843.0
5620.0
25961.0
6147.0
2388.0
20835.0
15931.0
5546.0
27766.0
1909.0
13565.0
23190.0
15159.0
12104.0
15768.0
35762.0
52226.0
45441.0
67919.0
3813.0
6649.0
5862.0
20947.0
5996.0
2296.0
29772.0
16312.0
5644.0
26466.0
2058.0
13128.0
19238.0
12783.0
14414.0
15970.0
34357.0
50461.0
48501.0
68029.0
2128.0
4399.0
5985.0
29960.0
3806.0
1981.0
28082.0
28351.0
3452.0
20962.0
958.0
9794.0
18302.0
17089.0
9490.0
16609.0
30724.0
45539.0
43098.0
81987.0
2464.0
5061.0
3236.0
14236.0
1521.0
1986.0
6149.0
11663.0
1990.0
7446.0
2127.0
19047.0
4154.0
9142.0
11161.0
99965.0
26042.0
36425.0
28580.0
110301.0
3047.0
4207.0
2931.0
9513.0
4828.0
1547.0
9064.0
6976.0
7756.0
17656.0
2555.0
16870.0
31332.0
18503.0
20493.0
44070.0
30874.0
43927.0
43320.0
83227.0
3320.0
6202.0
4111.0
11568.0
7127.0
1964.0
19966.0
9300.0
6124.0
31029.0
2599.0
12933.0
24231.0
13582.0
25157.0
22135.0
32487.0
51270.0
50453.0
67138.0
3679.0
4735.0
5830.0
15555.0
6070.0
1759.0
35636.0
14195.0
4311.0
16684.0
1947.0
12232.0
14707.0
11239.0
25414.0
27355.0
33251.0
45409.0
47781.0
74907.0
3262.0
3559.0
5858.0
13599.0
3504.0
1937.0
34978.0
18428.0
4190.0
21059.0
2192.0
13182.0
9125.0
10875.0
13681.0
41919.0
33817.0
42948.0
41550.0
83033.0
1068.0
1728.0
1793.0
5837.0
2039.0
1984.0
6847.0
13447.0
2247.0
6960.0
1972.0
13973.0
9564.0
18269.0
18529.0
95091.0
43103.0
30252.0
29931.0
98062.0
1407.0
2686.0
2245.0
8551.0
1842.0
2062.0
7378.0
15076.0
2157.0
6248.0
2299.0
16478.0
7528.0
14037.0
18743.0
92611.0
40591.0
33522.0
31814.0
95421.0
2643.0
4763.0
3026.0
8562.0
4185.0
2597.0
11053.0
16485.0
2226.0
5659.0
2852.0
15887.0
7952.0
10820.0
21855.0
80783.0
41770.0
34801.0
33983.0
90794.0
1167.0
1470.0
2381.0
5300.0
2291.0
1656.0
12007.0
16481.0
2003.0
5960.0
2262.0
10525.0
7429.0
11025.0
25725.0
93666.0
40490.0
30956.0
29296.0
100606.0
1184.0
1285.0
2793.0
5888.0
2248.0
1735.0
13588.0
19379.0
1263.0
2717.0
2038.0
8503.0
6223.0
8368.0
26951.0
97185.0
37288.0
29066.0
29547.0
105447.0
1880.0
4749.0
3337.0
17691.0
2456.0
3858.0
8003.0
27917.0
4562.0
24643.0
4655.0
66838.0
12203.0
46654.0
25742.0
372544.0
105377.0
84546.0
83249.0
354560.0
2913.0
5332.0
6003.0
31854.0
4073.0
4162.0
21017.0
59276.0
3595.0
16140.0
4354.0
62604.0
9335.0
23457.0
27968.0
345649.0
108026.0
85863.0
87452.0
346391.0
1657.0
4542.0
4241.0
27177.0
1816.0
3547.0
9393.0
42280.0
2937.0
17243.0
4958.0
81162.0
6282.0
25732.0
22920.0
371845.0
109016.0
83522.0
87137.0
348057.0
1573.0
4644.0
4427.0
28918.0
1605.0
3291.0
8556.0
42655.0
3055.0
18210.0
6185.0
93174.0
5560.0
25157.0
21752.0
358970.0
114188.0
85417.0
91029.0
337098.0
1459.0
4427.0
4300.0
32293.0
1577.0
3517.0
9362.0
49515.0
2742.0
16828.0
5765.0
95226.0
5407.0
24049.0
23279.0
347986.0
116647.0
90054.0
93091.0
327940.0
7546.0
7524.0
10043.0
17192.0
10479.0
4961.0
83623.0
36592.0
9262.0
39470.0
6198.0
49526.0
19232.0
42862.0
47152.0
236070.0
96139.0
95703.0
94475.0
341415.0
12460.0
12413.0
12847.0
20695.0
17147.0
4689.0
53476.0
27186.0
26326.0
95512.0
9345.0
59170.0
46410.0
49429.0
59073.0
121554.0
111921.0
118414.0
103311.0
294086.0
13643.0
20341.0
14019.0
61429.0
22166.0
7521.0
42552.0
32662.0
19279.0
60814.0
10616.0
72663.0
67231.0
41724.0
47791.0
93281.0
107811.0
125862.0
112646.0
281413.0
13796.0
19324.0
20520.0
103158.0
15619.0
8009.0
32716.0
50371.0
11086.0
34509.0
9921.0
82781.0
34604.0
25396.0
41663.0
124259.0
107342.0
112962.0
106289.0
301139.0
10800.0
13268.0
12467.0
71975.0
10604.0
7196.0
30404.0
50671.0
8534.0
24971.0
8147.0
72720.0
28017.0
26949.0
31941.0
219068.0
109006.0
99475.0
99202.0
320049.0
5875.0
5533.0
6719.0
11648.0
6478.0
3034.0
41257.0
33995.0
9460.0
46928.0
4327.0
46613.0
17924.0
41708.0
49876.0
296357.0
79136.0
86063.0
81254.0
381279.0
15760.0
15377.0
11364.0
15119.0
15885.0
5689.0
42044.0
18560.0
37761.0
136977.0
7230.0
37297.0
65265.0
83167.0
40039.0
80198.0
130318.0
132037.0
99855.0
265522.0
11866.0
18511.0
19850.0
82015.0
18131.0
6725.0
62071.0
49470.0
18153.0
82389.0
5840.0
42490.0
77196.0
45796.0
37832.0
49397.0
120733.0
140354.0
124423.0
242222.0
13372.0
21627.0
19312.0
63270.0
19490.0
8715.0
92773.0
51109.0
17638.0
78139.0
6874.0
42222.0
56458.0
40474.0
44248.0
52011.0
125263.0
124976.0
120783.0
256710.0
7300.0
13598.0
16527.0
93522.0
12924.0
6455.0
77835.0
86787.0
12160.0
64290.0
3343.0
30439.0
58305.0
56137.0
33785.0
54325.0
99869.0
118832.0
118260.0
290771.0
8790.0
16043.0
10642.0
39678.0
4931.0
6669.0
20096.0
35067.0
6618.0
22544.0
8188.0
58140.0
14186.0
28391.0
35943.0
311806.0
76434.0
84426.0
78548.0
388324.0
11256.0
12574.0
9978.0
26085.0
15333.0
5447.0
29312.0
21647.0
27071.0
54372.0
9246.0
51160.0
94708.0
58069.0
66027.0
135447.0
102013.0
115852.0
99817.0
310050.0
12714.0
19077.0
13722.0
34211.0
23518.0
7815.0
62426.0
29092.0
19816.0
92305.0
9937.0
40491.0
70315.0
42653.0
76405.0
73235.0
113266.0
129553.0
121190.0
263723.0
12646.0
14761.0
20239.0
47839.0
18887.0
5648.0
109121.0
48567.0
13634.0
50103.0
7621.0
38892.0
44932.0
34450.0
74476.0
85916.0
124932.0
119233.0
117224.0
266343.0
10938.0
11155.0
19136.0
44446.0
11413.0
5774.0
108430.0
58226.0
14114.0
65540.0
7206.0
40803.0
27053.0
32991.0
41494.0
129013.0
123286.0
110724.0
112180.0
281542.0
3523.0
5341.0
5564.0
17887.0
6268.0
5658.0
20217.0
40273.0
7139.0
21577.0
6320.0
44875.0
29022.0
55903.0
57665.0
300500.0
130437.0
99032.0
98384.0
299879.0
5131.0
10444.0
7181.0
27034.0
5854.0
6620.0
21989.0
46526.0
6792.0
20344.0
7503.0
53107.0
22661.0
44812.0
54873.0
286861.0
115258.0
121261.0
119071.0
272142.0
8312.0
15223.0
9523.0
27055.0
12227.0
8552.0
33621.0
50737.0
7901.0
18295.0
9681.0
50175.0
23473.0
32801.0
67160.0
252996.0
124580.0
113035.0
106857.0
283260.0
4117.0
4395.0
7762.0
16563.0
7160.0
4995.0
36474.0
51745.0
6178.0
18536.0
6903.0
32661.0
22902.0
34175.0
79867.0
293299.0
124282.0
102485.0
101303.0
299662.0
3362.0
3669.0
8464.0
20821.0
6585.0
4802.0
42770.0
59516.0
3835.0
7990.0
5759.0
26541.0
18895.0
24692.0
84569.0
305462.0
118425.0
88817.0
91410.0
329080.0
2756.0
6761.0
4858.0
25561.0
3540.0
5758.0
11558.0
41320.0
6590.0
36312.0
6795.0
100303.0
17519.0
69404.0
38499.0
558142.0
157909.0
124173.0
127361.0
526233.0
5442.0
7237.0
8691.0
45176.0
12994.0
6469.0
44105.0
84386.0
7203.0
23252.0
6652.0
88891.0
20665.0
35164.0
50383.0
488966.0
161823.0
134035.0
137370.0
502448.0
3303.0
7143.0
7458.0
41038.0
3979.0
5507.0
16260.0
63645.0
5167.0
26549.0
8510.0
119126.0
12217.0
40531.0
37594.0
537649.0
163255.0
126979.0
135266.0
510176.0
2253.0
6991.0
6586.0
43196.0
2434.0
4977.0
12830.0
62036.0
4645.0
27344.0
8832.0
139556.0
8491.0
37469.0
32579.0
535457.0
169528.0
126707.0
138754.0
500687.0
2103.0
6900.0
6516.0
47421.0
2310.0
5337.0
13803.0
72720.0
4092.0
25293.0
8182.0
139948.0
7958.0
36593.0
33032.0
523468.0
172746.0
132262.0
140491.0
490177.0
11044.0
11175.0
14511.0
24206.0
15025.0
7032.0
125214.0
53114.0
13188.0
61890.0
8990.0
74671.0
28114.0
63233.0
73287.0
350982.0
152147.0
156592.0
147363.0
479574.0
17480.0
19926.0
18516.0
33412.0
17001.0
6540.0
69165.0
40032.0
41066.0
150814.0
14013.0
96562.0
69042.0
78603.0
81598.0
181906.0
166665.0
186384.0
169088.0
413539.0
20291.0
30071.0
20012.0
95479.0
34310.0
11891.0
64722.0
47703.0
25920.0
90079.0
14946.0
114680.0
100489.0
60499.0
71371.0
133213.0
167268.0
198358.0
193369.0
376681.0
20768.0
29638.0
32275.0
160819.0
25106.0
11102.0
50135.0
75797.0
18256.0
51937.0
15069.0
120697.0
52565.0
41340.0
63321.0
166851.0
173849.0
178759.0
186223.0
396845.0
14673.0
19832.0
17560.0
114736.0
16004.0
9867.0
47279.0
77655.0
12014.0
36410.0
11862.0
105038.0
45046.0
38962.0
49622.0
319116.0
162892.0
156267.0
155904.0
460613.0
7062.0
6780.0
7879.0
16162.0
8534.0
3511.0
48847.0
47410.0
11980.0
63999.0
5940.0
65961.0
26159.0
59861.0
74923.0
480668.0
112860.0
127040.0
121575.0
574201.0
24553.0
24169.0
16491.0
25334.0
24545.0
8873.0
55473.0
28357.0
57669.0
206334.0
10840.0
56816.0
108817.0
122509.0
58815.0
106081.0
196167.0
204101.0
168061.0
367347.0
17600.0
28275.0
28075.0
114942.0
29762.0
10370.0
96828.0
70669.0
27220.0
127916.0
9086.0
65965.0
106433.0
68306.0
59684.0
74545.0
187128.0
198070.0
204321.0
346157.0
18798.0
30065.0
31771.0
110150.0
29402.0
12138.0
144818.0
85151.0
24723.0
108311.0
9777.0
59529.0
79422.0
56189.0
63057.0
72375.0
193832.0
182978.0
211610.0
347256.0
8691.0
19360.0
22203.0
127627.0
15374.0
7199.0
117301.0
123751.0
16828.0
118780.0
3673.0
44719.0
97945.0
88172.0
45325.0
78728.0
161331.0
184228.0
187067.0
403050.0
12989.0
22779.0
17978.0
63792.0
8085.0
9242.0
27757.0
54108.0
10556.0
33823.0
11690.0
88125.0
23354.0
44598.0
55823.0
450977.0
130992.0
131906.0
130100.0
542678.0
17506.0
24944.0
15348.0
51408.0
24092.0
9221.0
43585.0
34968.0
37611.0
77664.0
14688.0
82404.0
142353.0
81450.0
94970.0
183464.0
153086.0
181947.0
171203.0
429440.0
20034.0
32219.0
18936.0
52901.0
37104.0
12286.0
85799.0
38936.0
29644.0
134822.0
13656.0
68012.0
109509.0
63117.0
123175.0
95526.0
178180.0
197184.0
193402.0
366910.0
17899.0
20979.0
28579.0
74429.0
27625.0
8617.0
153631.0
70882.0
19725.0
76096.0
10993.0
60902.0
64067.0
49982.0
115543.0
135727.0
183065.0
175006.0
193829.0
383776.0
16991.0
16617.0
26938.0
61370.0
17280.0
9214.0
157922.0
84022.0
19518.0
93519.0
10985.0
63265.0
44586.0
49341.0
63772.0
200336.0
179693.0
169723.0
172677.0
413583.0
4878.0
7698.0
8223.0
25885.0
9323.0
8488.0
30824.0
60197.0
10391.0
31739.0
9662.0
67025.0
43628.0
82768.0
88627.0
446320.0
196250.0
143430.0
145395.0
450601.0
5914.0
8427.0
10025.0
32346.0
9079.0
8421.0
35337.0
71015.0
9338.0
27640.0
10479.0
70888.0
35064.0
67920.0
88198.0
445585.0
185764.0
159791.0
159287.0
430834.0
11609.0
18425.0
14375.0
38880.0
18648.0
12243.0
51141.0
79593.0
9814.0
24927.0
12789.0
69764.0
31852.0
49028.0
99118.0
393470.0
190814.0
158170.0
161320.0
425372.0
5315.0
6198.0
10551.0
23340.0
10895.0
7623.0
54657.0
76459.0
7876.0
22425.0
9680.0
47071.0
33721.0
49575.0
120710.0
449580.0
188921.0
144499.0
148492.0
453764.0
5448.0
5620.0
12039.0
27875.0
10052.0
6896.0
64558.0
88322.0
5881.0
11929.0
9293.0
39225.0
29246.0
37471.0
128040.0
453781.0
177263.0
134690.0
135479.0
488244.0
1294.0
3100.0
2243.0
12393.0
1719.0
2485.0
5624.0
19764.0
2959.0
17513.0
3024.0
46471.0
8423.0
33133.0
17578.0
260505.0
74440.0
57904.0
60586.0
245298.0
2599.0
3660.0
4232.0
21196.0
5678.0
3422.0
19724.0
40526.0
3570.0
10835.0
3308.0
42054.0
9335.0
16653.0
22298.0
229138.0
73758.0
60937.0
67638.0
235895.0
1401.0
3274.0
3543.0
19253.0
1646.0
2463.0
7623.0
30882.0
2609.0
12666.0
3926.0
56040.0
5786.0
19152.0
17427.0
250537.0
76486.0
59156.0
62421.0
240165.0
1014.0
3050.0
3159.0
19834.0
1096.0
2316.0
5801.0
29420.0
2145.0
12754.0
4555.0
65147.0
3973.0
17530.0
14873.0
251561.0
78215.0
61446.0
62734.0
235833.0
930.0
3118.0
2923.0
22300.0
1091.0
2296.0
6450.0
33612.0
1846.0
11979.0
3944.0
66969.0
3695.0
17195.0
15431.0
244449.0
80373.0
64341.0
64212.0
229302.0
4978.0
4956.0
7035.0
11255.0
6741.0
3318.0
57528.0
25813.0
6045.0
28500.0
4306.0
34713.0
12667.0
29695.0
34546.0
166132.0
71159.0
73980.0
75055.0
218034.0
7999.0
9550.0
8555.0
16148.0
7780.0
3021.0
32099.0
18979.0
19208.0
71554.0
6835.0
43198.0
32944.0
38103.0
37720.0
84535.0
84432.0
91778.0
80022.0
181996.0
9307.0
14528.0
9303.0
46187.0
16606.0
5530.0
30206.0
22590.0
12119.0
41441.0
7245.0
54904.0
45007.0
27039.0
33607.0
62609.0
82440.0
98349.0
88686.0
168753.0
9200.0
13257.0
14284.0
78238.0
10981.0
5105.0
23508.0
34933.0
7665.0
24245.0
6764.0
58598.0
22126.0
18513.0
30185.0
80626.0
79943.0
95051.0
82410.0
180824.0
6899.0
9422.0
7937.0
53586.0
7263.0
4595.0
21433.0
36188.0
5618.0
16801.0
5489.0
49373.0
21508.0
18747.0
22645.0
150724.0
74210.0
76860.0
71579.0
215579.0
3096.0
3209.0
3704.0
7135.0
3809.0
1645.0
22840.0
22287.0
5577.0
29733.0
3270.0
30550.0
12214.0
29139.0
34297.0
225723.0
55289.0
65212.0
61619.0
256108.0
10998.0
11174.0
7713.0
13166.0
11285.0
4260.0
26177.0
13552.0
27184.0
96530.0
5034.0
26528.0
51070.0
58900.0
26944.0
47713.0
95715.0
105155.0
84609.0
152749.0
7692.0
12221.0
12576.0
53844.0
13485.0
4592.0
46482.0
34404.0
11422.0
61209.0
3971.0
29306.0
53170.0
31537.0
29147.0
33170.0
81649.0
114080.0
101094.0
141405.0
7839.0
14635.0
13303.0
51577.0
12990.0
5378.0
72518.0
39249.0
10879.0
50014.0
4162.0
28307.0
39307.0
25784.0
29062.0
33224.0
82543.0
101193.0
105982.0
148510.0
3915.0
8527.0
10581.0
61347.0
6985.0
3152.0
51255.0
57044.0
8116.0
55836.0
1706.0
20867.0
47214.0
42914.0
21714.0
37055.0
70699.0
103716.0
94302.0
169511.0
5943.0
11135.0
7743.0
30758.0
3650.0
4667.0
12539.0
24879.0
4748.0
15666.0
5112.0
40977.0
11994.0
21585.0
25372.0
211460.0
62325.0
69746.0
59357.0
246800.0
8329.0
11632.0
7035.0
23635.0
11749.0
4202.0
21379.0
16433.0
17079.0
35637.0
6511.0
38139.0
69722.0
38510.0
44339.0
83897.0
76860.0
90017.0
87295.0
184056.0
8729.0
14645.0
8117.0
23707.0
16336.0
5363.0
40765.0
18102.0
13456.0
64657.0
5771.0
31593.0
54757.0
29684.0
58256.0
44290.0
85498.0
99762.0
101545.0
151423.0
7870.0
9683.0
13021.0
36537.0
13026.0
3817.0
71620.0
33414.0
8649.0
35671.0
4678.0
28731.0
29933.0
23110.0
55329.0
63139.0
84153.0
87335.0
97959.0
168781.0
7525.0
7505.0
12132.0
28322.0
7728.0
3896.0
74697.0
39358.0
9133.0
44952.0
4902.0
30084.0
20864.0
23204.0
30108.0
93818.0
81076.0
86338.0
86128.0
184686.0
2334.0
3627.0
3860.0
12278.0
4366.0
3665.0
14524.0
28509.0
4966.0
15133.0
4548.0
30927.0
20696.0
39478.0
41134.0
208183.0
91626.0
69686.0
70167.0
206749.0
2770.0
4304.0
4542.0
15689.0
4227.0
3997.0
16447.0
34639.0
4354.0
13460.0
4666.0
32840.0
16816.0
33334.0
39162.0
206981.0
84912.0
83413.0
84853.0
185050.0
5310.0
9049.0
6740.0
18595.0
8848.0
5431.0
24030.0
37709.0
4543.0
11599.0
6046.0
32825.0
14791.0
23272.0
45947.0
183493.0
89820.0
78723.0
78647.0
191038.0
2514.0
2869.0
4984.0
11238.0
4993.0
3449.0
26082.0
36176.0
3672.0
10567.0
4600.0
21999.0
16085.0
23222.0
56593.0
209185.0
88387.0
72181.0
72751.0
204909.0
2267.0
2446.0
5479.0
13549.0
4575.0
2931.0
29990.0
40746.0
2646.0
5450.0
3971.0
17606.0
13405.0
17017.0
60634.0
215516.0
80395.0
64199.0
64874.0
228760.0
662.0
1228.0
814.0
3607.0
813.0
891.0
2190.0
6626.0
1390.0
6738.0
812.0
11280.0
4129.0
12693.0
6835.0
105108.0
21523.0
29788.0
38153.0
76352.0
251.0
455.0
436.0
2302.0
356.0
413.0
1667.0
6049.0
375.0
2131.0
458.0
6739.0
1455.0
5414.0
4751.0
132564.0
10685.0
26988.0
33018.0
95125.0
951.0
1754.0
1848.0
7993.0
1257.0
1258.0
5887.0
14594.0
1119.0
5103.0
1148.0
12884.0
2966.0
8405.0
8334.0
90315.0
28519.0
28618.0
37315.0
71364.0
2067.0
2789.0
3544.0
11326.0
2578.0
2053.0
11634.0
18320.0
2316.0
7700.0
1809.0
15139.0
5859.0
11332.0
12043.0
55307.0
40460.0
24533.0
35280.0
65543.0
2395.0
2271.0
3643.0
12279.0
3286.0
1577.0
18148.0
17973.0
2131.0
6730.0
1532.0
10808.0
9115.0
11297.0
13706.0
48925.0
32248.0
26817.0
36020.0
70731.0
717.0
520.0
954.0
817.0
947.0
358.0
14691.0
3274.0
607.0
4048.0
259.0
1914.0
1215.0
4122.0
2451.0
128922.0
7438.0
11896.0
12996.0
133486.0
1984.0
3951.0
2134.0
6467.0
3557.0
1109.0
9363.0
5095.0
3798.0
36239.0
1569.0
17146.0
5266.0
9819.0
9102.0
49217.0
23389.0
22735.0
39883.0
79809.0
2100.0
3367.0
3472.0
13142.0
5720.0
1579.0
17256.0
8801.0
3812.0
21307.0
1805.0
12721.0
16956.0
10164.0
11886.0
31728.0
26060.0
29980.0
40382.0
69394.0
3058.0
4563.0
4486.0
24606.0
4634.0
1888.0
17461.0
12520.0
2819.0
7361.0
2214.0
14705.0
11827.0
7099.0
15208.0
31367.0
32853.0
31071.0
39679.0
62213.0
1295.0
1962.0
1705.0
20633.0
1439.0
522.0
4852.0
5322.0
1758.0
4683.0
678.0
8267.0
14573.0
6455.0
10946.0
80726.0
16585.0
20575.0
20999.0
107657.0
1281.0
1296.0
4881.0
4924.0
1325.0
799.0
5463.0
8250.0
1583.0
6109.0
806.0
2917.0
5256.0
6228.0
3654.0
111044.0
12218.0
11805.0
13439.0
128354.0
2789.0
2275.0
3947.0
6422.0
4266.0
1216.0
13581.0
7170.0
8927.0
14116.0
2481.0
6584.0
33450.0
15354.0
16137.0
27101.0
31120.0
31170.0
35651.0
67875.0
1964.0
4022.0
3637.0
17749.0
3359.0
1394.0
14034.0
10476.0
4960.0
27706.0
1293.0
13272.0
23473.0
14475.0
10198.0
13804.0
28630.0
33654.0
46836.0
56696.0
2333.0
5082.0
4981.0
28813.0
3809.0
1981.0
18631.0
18381.0
3648.0
18519.0
1381.0
14532.0
11821.0
10455.0
7679.0
13770.0
34085.0
39033.0
50242.0
42456.0
1186.0
2131.0
2885.0
19812.0
2294.0
1229.0
24302.0
15102.0
2437.0
13783.0
780.0
8545.0
17034.0
16902.0
10229.0
27165.0
28763.0
28984.0
44842.0
63227.0
1662.0
3308.0
1628.0
5493.0
2395.0
1148.0
956.0
3189.0
1322.0
1744.0
992.0
5859.0
3247.0
2051.0
3361.0
127461.0
7383.0
8194.0
8272.0
141967.0
1766.0
6369.0
976.0
4264.0
4009.0
988.0
823.0
1620.0
917.0
1453.0
1099.0
10634.0
2680.0
1377.0
6579.0
120262.0
9238.0
9903.0
12085.0
134590.0
3060.0
5312.0
3139.0
7565.0
4521.0
1979.0
7885.0
7344.0
4505.0
9707.0
2880.0
13075.0
15570.0
7249.0
12691.0
59334.0
25033.0
26501.0
28994.0
85288.0
1855.0
2467.0
4393.0
12063.0
2244.0
1000.0
25594.0
11439.0
2040.0
7697.0
1784.0
17282.0
5528.0
4359.0
13801.0
52270.0
27534.0
30081.0
31212.0
76989.0
1598.0
1903.0
1615.0
5601.0
2570.0
635.0
16165.0
5534.0
3187.0
18741.0
814.0
10201.0
11255.0
11059.0
13632.0
61306.0
18862.0
27161.0
27329.0
92464.0
1675.0
3088.0
1277.0
4723.0
3961.0
1581.0
4853.0
2871.0
2375.0
1728.0
1465.0
4275.0
16064.0
5145.0
11661.0
99074.0
15854.0
14277.0
16070.0
119615.0
34.0
30.0
64.0
117.0
110.0
28.0
169.0
150.0
230.0
555.0
44.0
521.0
1151.0
1332.0
901.0
160380.0
1402.0
1060.0
1141.0
162213.0
985.0
1510.0
2657.0
13124.0
1276.0
1086.0
8487.0
21884.0
836.0
2552.0
952.0
10038.0
2419.0
4191.0
8042.0
85777.0
28677.0
21231.0
30443.0
85465.0
2200.0
4096.0
3710.0
19248.0
1796.0
2008.0
7154.0
19910.0
1633.0
5596.0
1975.0
18521.0
4777.0
7888.0
9123.0
56181.0
37915.0
25844.0
39024.0
63033.0
2439.0
4779.0
4803.0
18995.0
2042.0
1657.0
12866.0
17921.0
2338.0
14896.0
1719.0
17260.0
5260.0
10505.0
6943.0
41393.0
28542.0
34207.0
38789.0
64278.0
618.0
1266.0
820.0
3845.0
880.0
1028.0
2509.0
8179.0
1362.0
6916.0
916.0
12182.0
4586.0
14267.0
8098.0
122032.0
25068.0
32736.0
38658.0
93042.0
215.0
436.0
424.0
1966.0
304.0
429.0
1534.0
6201.0
383.0
2036.0
416.0
6437.0
1418.0
5804.0
5100.0
156401.0
9759.0
22686.0
25750.0
131309.0
453.0
945.0
972.0
4542.0
610.0
746.0
2946.0
9859.0
718.0
3055.0
694.0
10362.0
2042.0
7219.0
7085.0
137256.0
18491.0
31207.0
34791.0
105015.0
1701.0
2817.0
3238.0
12681.0
2134.0
1713.0
9116.0
19600.0
2143.0
8134.0
1866.0
18651.0
5740.0
11961.0
12637.0
75372.0
46601.0
37505.0
43422.0
61976.0
3274.0
2757.0
4971.0
13225.0
3137.0
2223.0
20586.0
22896.0
2340.0
9360.0
1871.0
13898.0
7016.0
13156.0
11996.0
56798.0
39568.0
38210.0
38217.0
73509.0
827.0
728.0
1168.0
1306.0
1193.0
403.0
15076.0
3487.0
823.0
13295.0
388.0
3502.0
1818.0
4650.0
3670.0
137170.0
9919.0
12803.0
16862.0
149920.0
1787.0
3992.0
2706.0
8163.0
3964.0
1237.0
13032.0
5875.0
3500.0
31056.0
2262.0
20182.0
4449.0
8279.0
11878.0
67142.0
23025.0
34249.0
30046.0
102184.0
2520.0
3682.0
3274.0
15399.0
5594.0
1740.0
12266.0
9040.0
4497.0
16885.0
2783.0
15714.0
15914.0
10444.0
14382.0
55370.0
29764.0
32798.0
38356.0
88586.0
3210.0
3947.0
4565.0
29150.0
4575.0
1860.0
15129.0
13332.0
2299.0
5275.0
2448.0
15151.0
10945.0
7748.0
17071.0
52799.0
31614.0
39652.0
35061.0
83177.0
1538.0
1715.0
2101.0
13069.0
2180.0
551.0
7322.0
6117.0
2138.0
4576.0
970.0
8655.0
21871.0
7577.0
18388.0
90736.0
17306.0
22021.0
22796.0
127381.0
1368.0
1079.0
888.0
1396.0
2090.0
689.0
5383.0
2203.0
6363.0
19168.0
849.0
3465.0
19226.0
17550.0
6789.0
100998.0
19194.0
15052.0
27685.0
127573.0
3499.0
3666.0
5892.0
15003.0
5321.0
1619.0
22507.0
12911.0
7108.0
23048.0
2258.0
11024.0
28376.0
15644.0
15291.0
16337.0
44200.0
40874.0
44109.0
60321.0
2279.0
4061.0
4034.0
22784.0
3887.0
1502.0
23530.0
14793.0
4763.0
25391.0
1303.0
12841.0
24355.0
14820.0
12173.0
16988.0
39748.0
41498.0
48575.0
59683.0
1828.0
4438.0
4564.0
23576.0
4241.0
1819.0
22999.0
17320.0
4001.0
27664.0
1095.0
10232.0
23740.0
17217.0
11707.0
13063.0
34420.0
57963.0
51145.0
45976.0
1139.0
3022.0
3455.0
40149.0
1929.0
957.0
19738.0
18538.0
2231.0
9881.0
586.0
13441.0
17494.0
17407.0
7765.0
31772.0
33733.0
46948.0
33724.0
75099.0
2395.0
4706.0
2654.0
8282.0
2914.0
1528.0
634.0
4420.0
1006.0
822.0
1309.0
7655.0
3418.0
1717.0
4275.0
141769.0
7340.0
15559.0
10625.0
155980.0
2809.0
7152.0
1518.0
5472.0
5753.0
1782.0
3649.0
3025.0
3036.0
3775.0
2181.0
13753.0
17092.0
5895.0
14382.0
98230.0
18693.0
23477.0
28729.0
118605.0
3373.0
5561.0
4132.0
13352.0
5888.0
1939.0
11363.0
9011.0
6054.0
20229.0
2718.0
18445.0
22588.0
12372.0
16157.0
36322.0
34720.0
37537.0
44096.0
73151.0
1417.0
2171.0
3542.0
13905.0
2703.0
713.0
33298.0
11164.0
2064.0
10818.0
1493.0
19477.0
6488.0
6000.0
13669.0
60582.0
26075.0
36763.0
32282.0
94384.0
1683.0
1744.0
2261.0
4711.0
2895.0
717.0
19868.0
6599.0
3765.0
18335.0
1265.0
10630.0
12758.0
12521.0
20159.0
69593.0
23629.0
28329.0
30994.0
106552.0
2145.0
3659.0
1261.0
5293.0
4458.0
2083.0
5593.0
3233.0
2615.0
2102.0
2006.0
5028.0
16710.0
6124.0
13194.0
114000.0
14643.0
17890.0
18601.0
138370.0
68.0
149.0
57.0
419.0
148.0
55.0
253.0
461.0
125.0
814.0
36.0
984.0
983.0
1257.0
1116.0
182579.0
1474.0
1640.0
1747.0
184643.0
1490.0
2780.0
3031.0
9021.0
1589.0
1274.0
10179.0
19336.0
862.0
3473.0
1192.0
9885.0
2546.0
4331.0
8769.0
109746.0
27271.0
27563.0
29113.0
105557.0
3019.0
5857.0
3896.0
22390.0
1871.0
2249.0
9447.0
17099.0
1755.0
9352.0
2498.0
27792.0
5591.0
7631.0
9820.0
59237.0
36583.0
37265.0
38714.0
76942.0
3140.0
4882.0
4713.0
13605.0
3167.0
1763.0
19709.0
12850.0
3525.0
28303.0
1753.0
17303.0
8593.0
13811.0
9962.0
42425.0
29974.0
37018.0
38133.0
84379.0
969.0
1771.0
1079.0
4887.0
1220.0
1377.0
3161.0
9665.0
1958.0
9470.0
1300.0
15947.0
6345.0
19083.0
10490.0
160002.0
41806.0
38278.0
23257.0
145383.0
100.0
211.0
182.0
993.0
142.0
255.0
650.0
3282.0
183.0
1105.0
250.0
4365.0
706.0
3352.0
2814.0
230134.0
6777.0
12015.0
7608.0
222324.0
398.0
761.0
844.0
4086.0
550.0
648.0
2716.0
10413.0
610.0
2998.0
681.0
10440.0
2081.0
7797.0
7607.0
196094.0
25008.0
29676.0
18591.0
175449.0
1947.0
3182.0
3826.0
15781.0
2290.0
2084.0
11996.0
25420.0
2166.0
8553.0
2099.0
22722.0
6097.0
13234.0
15604.0
111723.0
62722.0
44085.0
24928.0
116989.0
4060.0
3557.0
6740.0
20881.0
4617.0
2518.0
25479.0
33573.0
3026.0
8370.0
2587.0
18338.0
10564.0
13716.0
19353.0
71345.0
60876.0
46495.0
26580.0
114773.0
1099.0
693.0
1043.0
765.0
1131.0
341.0
16204.0
3320.0
392.0
1783.0
319.0
2147.0
674.0
2348.0
3221.0
213244.0
7589.0
9634.0
9690.0
221811.0
2046.0
4367.0
1976.0
5997.0
4098.0
1446.0
10512.0
5427.0
3178.0
47587.0
1418.0
18093.0
4774.0
11617.0
9269.0
116919.0
30624.0
27112.0
30475.0
160513.0
2867.0
5163.0
4246.0
15573.0
7637.0
2200.0
20725.0
11793.0
5272.0
27989.0
2667.0
22741.0
15928.0
11627.0
18753.0
73543.0
39409.0
41358.0
40976.0
126981.0
4719.0
5756.0
6638.0
31170.0
6726.0
2668.0
23702.0
17384.0
3399.0
9382.0
3588.0
21543.0
16013.0
10929.0
22535.0
62572.0
43743.0
48332.0
46036.0
110613.0
1790.0
2707.0
3397.0
27769.0
2760.0
1108.0
8459.0
9287.0
2505.0
5567.0
1942.0
12849.0
19543.0
9581.0
22247.0
117213.0
27569.0
28776.0
23890.0
168489.0
1269.0
1120.0
5970.0
5681.0
1273.0
984.0
10006.0
10682.0
1077.0
4031.0
903.0
2751.0
3788.0
6190.0
3108.0
189891.0
11851.0
13995.0
12181.0
210697.0
4716.0
4110.0
4465.0
7148.0
6744.0
2031.0
16880.0
9116.0
14656.0
37038.0
2975.0
11142.0
46382.0
31267.0
20492.0
29562.0
55743.0
55784.0
35054.0
102143.0
2996.0
5530.0
6924.0
30895.0
5589.0
2195.0
33692.0
23126.0
5757.0
31142.0
1678.0
16357.0
27449.0
16710.0
16651.0
22033.0
53610.0
55120.0
44579.0
95415.0
2836.0
6260.0
6406.0
33731.0
4918.0
2368.0
33348.0
22663.0
6262.0
31873.0
1784.0
16155.0
28639.0
20318.0
12785.0
18378.0
50483.0
65553.0
50511.0
82177.0
2379.0
5244.0
4620.0
44483.0
4316.0
2142.0
30489.0
21407.0
4745.0
27359.0
1138.0
14301.0
28877.0
19343.0
11333.0
26548.0
50539.0
65656.0
56173.0
76356.0
3256.0
5199.0
3956.0
9199.0
3503.0
2135.0
1689.0
7052.0
1999.0
2612.0
1969.0
9087.0
4905.0
3677.0
5190.0
183296.0
11109.0
17343.0
17297.0
202975.0
2656.0
9187.0
1776.0
6564.0
6523.0
1666.0
2159.0
3108.0
2303.0
2945.0
1741.0
16003.0
12877.0
4292.0
15031.0
159893.0
17546.0
26094.0
21054.0
184030.0
3925.0
8205.0
3820.0
12557.0
8519.0
2852.0
10745.0
7072.0
7304.0
18321.0
3563.0
18988.0
30741.0
12895.0
19292.0
79925.0
36294.0
49611.0
33308.0
129511.0
2255.0
3871.0
5677.0
27371.0
3294.0
1188.0
26316.0
16903.0
3299.0
17295.0
2024.0
27475.0
13643.0
10139.0
18785.0
69189.0
42806.0
48732.0
34059.0
123127.0
1742.0
1737.0
2806.0
6846.0
2882.0
646.0
33612.0
9737.0
2387.0
15743.0
1108.0
15725.0
8581.0
10841.0
17019.0
117312.0
28212.0
33359.0
23432.0
163721.0
2795.0
4870.0
1577.0
6832.0
6265.0
2503.0
7455.0
4314.0
3690.0
2931.0
2640.0
6762.0
21275.0
8299.0
17166.0
149350.0
24581.0
21024.0
10764.0
192355.0
73.0
65.0
74.0
147.0
189.0
91.0
258.0
330.0
233.0
931.0
109.0
804.0
1204.0
1701.0
1477.0
241038.0
2276.0
1801.0
821.0
243826.0
638.0
1912.0
1295.0
4947.0
746.0
734.0
6040.0
11951.0
387.0
2118.0
617.0
7069.0
1180.0
2321.0
5297.0
201472.0
17250.0
15316.0
10631.0
205527.0
4282.0
6752.0
6681.0
28120.0
2917.0
3176.0
17381.0
31728.0
2520.0
8400.0
3231.0
25981.0
7438.0
9619.0
15469.0
75029.0
64983.0
46209.0
26098.0
111434.0
4466.0
7424.0
6217.0
22172.0
3801.0
2503.0
22055.0
19568.0
4407.0
29027.0
2799.0
26554.0
9801.0
14321.0
15139.0
58470.0
48892.0
45672.0
28178.0
125982.0
752.0
1482.0
910.0
4400.0
1064.0
1192.0
2899.0
8716.0
1700.0
8449.0
1083.0
14633.0
5658.0
17428.0
9619.0
156895.0
38622.0
18254.0
42699.0
137305.0
71.0
191.0
167.0
965.0
145.0
243.0
678.0
3528.0
165.0
886.0
199.0
4037.0
674.0
3357.0
2938.0
218636.0
5920.0
5997.0
16686.0
208277.0
404.0
816.0
744.0
3746.0
540.0
783.0
2967.0
9473.0
631.0
3413.0
773.0
10415.0
2062.0
7625.0
7199.0
185289.0
24664.0
14944.0
33142.0
164130.0
2126.0
2991.0
3822.0
13660.0
2670.0
2109.0
13275.0
23592.0
2276.0
8977.0
2134.0
20505.0
6017.0
13636.0
14839.0
104251.0
60561.0
27430.0
44036.0
104853.0
3829.0
3745.0
6059.0
20344.0
4133.0
2309.0
23457.0
27427.0
3093.0
9870.0
2367.0
19289.0
11862.0
15528.0
18604.0
64964.0
60018.0
34506.0
41065.0
101291.0
1192.0
621.0
1716.0
945.0
1563.0
510.0
21168.0
4518.0
787.0
3470.0
386.0
1847.0
1134.0
3949.0
3844.0
189230.0
8901.0
17694.0
9502.0
200783.0
3221.0
5303.0
3124.0
8239.0
5292.0
1812.0
13111.0
7287.0
5557.0
55093.0
2177.0
23188.0
8951.0
16345.0
12069.0
66111.0
40718.0
35640.0
50485.0
110037.0
3534.0
5381.0
5320.0
18222.0
8565.0
2418.0
28745.0
13356.0
5819.0
27942.0
2997.0
22428.0
19136.0
13268.0
18670.0
41079.0
44210.0
46195.0
51305.0
95170.0
3638.0
6477.0
5880.0
34244.0
5896.0
2279.0
17890.0
15730.0
3767.0
11378.0
2902.0
22246.0
19652.0
11707.0
20241.0
52953.0
42928.0
49535.0
45488.0
98929.0
1798.0
2402.0
3265.0
30906.0
2583.0
887.0
8235.0
8899.0
2642.0
5320.0
1656.0
11798.0
18435.0
7922.0
19898.0
110234.0
27573.0
26695.0
31621.0
150991.0
1974.0
1825.0
6575.0
7408.0
1278.0
1247.0
6450.0
11791.0
1660.0
6716.0
1206.0
4019.0
5789.0
7045.0
4058.0
167839.0
15565.0
14967.0
16674.0
189674.0
3974.0
3300.0
3983.0
6747.0
5947.0
1608.0
13117.0
7373.0
12487.0
24762.0
2839.0
10081.0
54173.0
24094.0
21916.0
40479.0
47449.0
56208.0
37213.0
96010.0
2709.0
5699.0
6583.0
29430.0
4813.0
1898.0
26488.0
20772.0
5797.0
36572.0
1616.0
16601.0
28126.0
16777.0
14342.0
18657.0
52443.0
42692.0
57678.0
84067.0
2947.0
6509.0
6330.0
40489.0
4635.0
2255.0
29730.0
25274.0
4780.0
26541.0
1613.0
19021.0
20512.0
15719.0
11924.0
18601.0
48344.0
35004.0
77570.0
75962.0
1885.0
3655.0
4639.0
36867.0
3821.0
1997.0
31048.0
27943.0
3756.0
22526.0
995.0
12928.0
21814.0
18325.0
11517.0
33164.0
47515.0
65440.0
47603.0
76322.0
2216.0
4748.0
2714.0
9278.0
3368.0
1744.0
1085.0
4934.0
1770.0
1484.0
1442.0
8402.0
5326.0
3261.0
4951.0
180157.0
10127.0
13460.0
18884.0
194409.0
2489.0
9261.0
1405.0
5781.0
5996.0
1621.0
1503.0
2672.0
1356.0
1622.0
1482.0
14710.0
5269.0
2274.0
10062.0
169377.0
15977.0
17521.0
23363.0
180019.0
4679.0
7952.0
3377.0
10511.0
8309.0
3097.0
7204.0
5647.0
6183.0
17515.0
3944.0
20724.0
25300.0
11632.0
18060.0
82746.0
34140.0
42710.0
40079.0
119951.0
2374.0
3394.0
5993.0
16372.0
3646.0
1389.0
30637.0
16521.0
3130.0
12543.0
2383.0
27992.0
10875.0
7442.0
21437.0
70752.0
41157.0
47548.0
42125.0
106050.0
1609.0
1777.0
3164.0
7571.0
2276.0
540.0
31538.0
9889.0
2446.0
16626.0
937.0
16375.0
7036.0
9660.0
16239.0
109197.0
29200.0
28016.0
31247.0
148417.0
2466.0
4550.0
1604.0
6630.0
5854.0
2207.0
7035.0
4227.0
3348.0
2724.0
2220.0
6465.0
21608.0
7320.0
16554.0
142068.0
26473.0
11313.0
20806.0
178288.0
60.0
63.0
51.0
198.0
145.0
61.0
216.0
218.0
255.0
987.0
124.0
762.0
1111.0
1704.0
1411.0
229514.0
2277.0
766.0
1832.0
232005.0
396.0
553.0
1063.0
4537.0
620.0
439.0
4712.0
9744.0
256.0
934.0
377.0
3805.0
1176.0
1918.0
4606.0
201744.0
15254.0
7024.0
14744.0
199858.0
3496.0
6499.0
5761.0
29293.0
2671.0
2771.0
16455.0
29981.0
2503.0
8692.0
2850.0
25600.0
7160.0
9884.0
14030.0
69234.0
66128.0
26337.0
47819.0
96596.0
4102.0
6368.0
6695.0
21965.0
3639.0
2658.0
20044.0
19477.0
4578.0
27389.0
2877.0
25857.0
8921.0
14517.0
14068.0
53725.0
51645.0
34369.0
46785.0
104081.0
441.0
941.0
655.0
2593.0
633.0
683.0
1663.0
4886.0
1148.0
4942.0
742.0
8192.0
3211.0
9619.0
5426.0
72665.0
21709.0
18920.0
12516.0
65295.0
79.0
194.0
169.0
858.0
139.0
165.0
608.0
2797.0
160.0
859.0
166.0
3141.0
598.0
2651.0
2275.0
103581.0
5474.0
9388.0
6206.0
97372.0
266.0
524.0
428.0
2381.0
366.0
457.0
1717.0
5269.0
383.0
2044.0
371.0
5714.0
1156.0
4313.0
3955.0
89096.0
13364.0
15009.0
10415.0
79652.0
1010.0
1694.0
1785.0
7051.0
1356.0
1119.0
6772.0
12076.0
1149.0
4724.0
1011.0
10306.0
3069.0
7109.0
7366.0
50843.0
27938.0
21791.0
12677.0
56034.0
1851.0
1880.0
3026.0
9975.0
2151.0
1207.0
11583.0
14212.0
1700.0
4792.0
1256.0
9235.0
6190.0
7674.0
8776.0
32932.0
24605.0
24033.0
12352.0
57450.0
603.0
338.0
758.0
592.0
734.0
244.0
10568.0
2409.0
330.0
1621.0
150.0
1223.0
692.0
2167.0
2139.0
93872.0
3248.0
13869.0
4082.0
97241.0
1510.0
2569.0
1534.0
4300.0
2609.0
910.0
6317.0
3487.0
2795.0
26365.0
1045.0
11439.0
4394.0
7643.0
5842.0
35681.0
14986.0
18056.0
31628.0
53770.0
1639.0
2676.0
2634.0
9605.0
4155.0
1305.0
12438.0
6667.0
3076.0
13823.0
1516.0
10894.0
10156.0
6811.0
8849.0
22196.0
19878.0
25528.0
28501.0
44533.0
1871.0
3304.0
2939.0
17348.0
2691.0
1045.0
9291.0
7815.0
1876.0
5448.0
1450.0
10754.0
9836.0
5505.0
9929.0
27338.0
23117.0
25859.0
19477.0
49987.0
831.0
1142.0
1698.0
15568.0
1198.0
420.0
4182.0
4552.0
1312.0
2490.0
975.0
5953.0
9271.0
3930.0
9853.0
55065.0
12901.0
14844.0
10771.0
79924.0
923.0
918.0
3264.0
3703.0
748.0
576.0
3470.0
5946.0
685.0
3390.0
514.0
1979.0
2737.0
3680.0
1710.0
84197.0
6136.0
8990.0
8682.0
94632.0
2090.0
1753.0
2090.0
3334.0
3168.0
884.0
6635.0
3641.0
6423.0
12101.0
1558.0
5234.0
26945.0
12266.0
10958.0
19360.0
21015.0
36622.0
20294.0
40509.0
1218.0
2619.0
2773.0
14933.0
2643.0
972.0
13395.0
9883.0
2980.0
17984.0
677.0
8757.0
14118.0
8830.0
7377.0
9281.0
24625.0
29599.0
24344.0
39872.0
1441.0
3110.0
3297.0
20285.0
2440.0
1159.0
14592.0
12594.0
2488.0
13437.0
834.0
8849.0
10509.0
7936.0
6205.0
9264.0
23469.0
31967.0
21070.0
41934.0
880.0
2013.0
2143.0
18842.0
1910.0
922.0
15217.0
13095.0
1808.0
11581.0
428.0
6250.0
12352.0
9911.0
5142.0
15946.0
29994.0
32218.0
20167.0
36061.0
1342.0
2520.0
1431.0
4365.0
1661.0
990.0
659.0
2574.0
808.0
709.0
857.0
4263.0
2504.0
1464.0
2519.0
89774.0
3054.0
8126.0
11951.0
95309.0
1260.0
4515.0
781.0
3158.0
2989.0
768.0
691.0
1302.0
794.0
838.0
725.0
7184.0
2978.0
1225.0
5057.0
84175.0
5042.0
11083.0
15024.0
87291.0
2162.0
3852.0
1822.0
5694.0
4453.0
1301.0
3892.0
3176.0
3153.0
9711.0
1787.0
10118.0
12612.0
5617.0
9521.0
39569.0
15530.0
25361.0
22392.0
55157.0
1219.0
1813.0
2749.0
7978.0
1794.0
674.0
15430.0
8300.0
1280.0
6590.0
1227.0
14059.0
5710.0
3575.0
11462.0
34580.0
22691.0
26778.0
15252.0
53719.0
772.0
851.0
1571.0
3940.0
1087.0
247.0
16219.0
4670.0
1234.0
8201.0
455.0
8217.0
3801.0
4671.0
8027.0
54477.0
11871.0
17573.0
12989.0
76007.0
1302.0
2186.0
869.0
3383.0
3051.0
1087.0
3567.0
2234.0
1574.0
1248.0
1267.0
2930.0
10902.0
3733.0
8161.0
70946.0
10672.0
9610.0
5803.0
92355.0
24.0
42.0
33.0
158.0
52.0
48.0
159.0
191.0
119.0
442.0
50.0
363.0
548.0
786.0
607.0
114818.0
1056.0
853.0
567.0
115964.0
229.0
271.0
663.0
2371.0
313.0
271.0
2606.0
5394.0
164.0
417.0
268.0
1847.0
534.0
887.0
2520.0
99685.0
7376.0
7035.0
3856.0
100173.0
2115.0
3192.0
3044.0
13129.0
1476.0
1533.0
7935.0
15041.0
1208.0
4023.0
1484.0
12623.0
3459.0
4879.0
7102.0
36197.0
27467.0
20929.0
12798.0
57246.0
1990.0
3106.0
3147.0
11040.0
1767.0
1245.0
10293.0
9925.0
2079.0
14070.0
1300.0
12469.0
4547.0
6996.0
7167.0
27299.0
19423.0
23483.0
15529.0
60005.0
940.0
1701.0
1081.0
5139.0
1161.0
1297.0
3136.0
9080.0
1791.0
9210.0
1162.0
15496.0
5712.0
17277.0
9345.0
117820.0
47856.0
34129.0
18135.0
101228.0
441.0
837.0
722.0
3253.0
566.0
669.0
2429.0
8124.0
699.0
3301.0
721.0
9416.0
2300.0
7862.0
6780.0
153228.0
31297.0
29321.0
16348.0
124382.0
810.0
1599.0
1650.0
7665.0
1119.0
1216.0
4962.0
14040.0
1109.0
4681.0
1106.0
13857.0
3139.0
8796.0
8722.0
126877.0
44670.0
34414.0
17348.0
104916.0
1871.0
3210.0
3581.0
14661.0
2398.0
2085.0
10441.0
21931.0
2356.0
8993.0
2097.0
20364.0
6479.0
12928.0
14296.0
73657.0
58708.0
37392.0
18438.0
86810.0
3129.0
2957.0
5124.0
14160.0
3626.0
2136.0
22151.0
27391.0
2333.0
9097.0
1878.0
13268.0
7303.0
12971.0
14152.0
59672.0
48457.0
43257.0
22177.0
87457.0
1100.0
735.0
1255.0
1786.0
1258.0
614.0
15917.0
4703.0
788.0
4434.0
492.0
3826.0
1950.0
5240.0
4427.0
152823.0
11678.0
18830.0
9176.0
161664.0
2206.0
4213.0
1849.0
6985.0
4918.0
1179.0
7481.0
5010.0
3196.0
36337.0
1716.0
20698.0
3518.0
8793.0
10679.0
82570.0
31270.0
36163.0
20600.0
113315.0
2163.0
3147.0
3230.0
16181.0
6006.0
1406.0
15386.0
9985.0
3592.0
18884.0
1940.0
14612.0
15596.0
9784.0
15577.0
63859.0
35329.0
38621.0
21972.0
105426.0
4010.0
5559.0
4988.0
29751.0
5363.0
2353.0
14948.0
14374.0
3029.0
7631.0
2465.0
18866.0
10951.0
8157.0
16363.0
52540.0
37721.0
48842.0
21536.0
93249.0
1556.0
1899.0
2052.0
14529.0
2247.0
724.0
6194.0
6198.0
2521.0
4731.0
1253.0
8752.0
22057.0
8819.0
17376.0
100440.0
21260.0
25660.0
20271.0
134157.0
1207.0
1170.0
3953.0
3229.0
1912.0
805.0
7906.0
5512.0
2938.0
13076.0
871.0
2949.0
9458.0
12001.0
5028.0
129333.0
15931.0
18906.0
10615.0
155896.0
4229.0
3959.0
5765.0
10223.0
5785.0
1656.0
20012.0
11344.0
10455.0
24359.0
2903.0
11062.0
31828.0
19700.0
18018.0
20050.0
50364.0
39182.0
27471.0
84331.0
2599.0
4275.0
4220.0
17662.0
5106.0
1932.0
20979.0
13475.0
6416.0
30562.0
1483.0
13839.0
27367.0
18958.0
12882.0
19593.0
46132.0
40184.0
30385.0
84647.0
2703.0
5028.0
6142.0
29065.0
4970.0
2255.0
31044.0
22037.0
4429.0
19762.0
1738.0
12355.0
18829.0
12612.0
13074.0
15305.0
43722.0
55424.0
28960.0
73242.0
1164.0
3038.0
2907.0
38826.0
2023.0
957.0
16759.0
17843.0
2924.0
14597.0
720.0
15509.0
21034.0
21439.0
10395.0
31213.0
40488.0
50296.0
25004.0
85560.0
2706.0
4640.0
3251.0
8950.0
3003.0
1774.0
691.0
5525.0
1547.0
1276.0
1505.0
8118.0
3557.0
2709.0
4387.0
147709.0
12663.0
13845.0
8762.0
166078.0
2579.0
7775.0
1406.0
6375.0
5596.0
1424.0
2962.0
2885.0
1988.0
2466.0
1632.0
13633.0
14325.0
3424.0
13129.0
119749.0
21158.0
18486.0
15680.0
146024.0
3147.0
5083.0
3671.0
12486.0
6645.0
1882.0
8627.0
6703.0
6533.0
21451.0
2698.0
19307.0
24657.0
11593.0
15260.0
51605.0
37299.0
33539.0
29060.0
101450.0
2083.0
2550.0
4830.0
13972.0
3009.0
1072.0
30786.0
13810.0
2343.0
10630.0
1866.0
19289.0
7651.0
6316.0
16817.0
64324.0
35153.0
39903.0
18839.0
107453.0
1835.0
1755.0
2107.0
5361.0
2572.0
871.0
22582.0
7794.0
3704.0
19251.0
1222.0
12191.0
12342.0
14325.0
16249.0
77187.0
30834.0
32662.0
21091.0
116761.0
1996.0
3987.0
1370.0
5924.0
5050.0
1679.0
6215.0
3551.0
2966.0
2201.0
1799.0
5521.0
18348.0
6624.0
14136.0
119981.0
22393.0
18520.0
9757.0
150678.0
40.0
77.0
29.0
264.0
130.0
41.0
256.0
313.0
168.0
913.0
59.0
784.0
932.0
1344.0
1276.0
194722.0
2129.0
1266.0
664.0
197289.0
1347.0
2490.0
3058.0
11074.0
1754.0
1502.0
12585.0
23954.0
961.0
3720.0
1110.0
10630.0
2825.0
4905.0
10133.0
109300.0
39545.0
27261.0
13716.0
120826.0
3170.0
5772.0
4942.0
24930.0
2181.0
2545.0
11061.0
21552.0
2103.0
8455.0
2543.0
24403.0
5690.0
8532.0
11572.0
61897.0
51195.0
41443.0
19486.0
89224.0
3299.0
5799.0
5095.0
15118.0
3159.0
1957.0
19505.0
15808.0
3667.0
25484.0
2108.0
19598.0
8350.0
13740.0
10180.0
48481.0
37825.0
45753.0
32282.0
85488.0
638.0
1366.0
842.0
3956.0
914.0
1078.0
2508.0
8588.0
1522.0
7485.0
1035.0
14069.0
4909.0
16259.0
9128.0
269179.0
20566.0
56682.0
63747.0
202481.0
120.0
272.0
256.0
1283.0
185.0
263.0
860.0
4157.0
245.0
1259.0
303.0
4939.0
872.0
3946.0
3245.0
321271.0
2602.0
33443.0
37542.0
269889.0
857.0
1732.0
1902.0
8910.0
1185.0
1329.0
5962.0
18221.0
1132.0
5121.0
1256.0
16578.0
3507.0
10434.0
10911.0
254439.0
30909.0
69723.0
78087.0
164757.0
3798.0
5431.0
6507.0
23240.0
4486.0
3424.0
19922.0
36859.0
4336.0
14696.0
3654.0
33017.0
11545.0
21788.0
26275.0
124498.0
83955.0
67007.0
72428.0
120086.0
5696.0
4681.0
9315.0
22432.0
6996.0
3885.0
39068.0
39670.0
4257.0
14823.0
3448.0
20540.0
16732.0
22236.0
27911.0
101786.0
67065.0
67684.0
62519.0
146208.0
1661.0
954.0
1851.0
757.0
1603.0
349.0
23700.0
3664.0
794.0
3716.0
399.0
1624.0
658.0
1661.0
3104.0
296981.0
8798.0
16179.0
9013.0
309486.0
2894.0
5720.0
2507.0
7573.0
6638.0
1863.0
12187.0
6331.0
4426.0
55456.0
2580.0
25704.0
5122.0
12907.0
12991.0
178577.0
33866.0
34913.0
46222.0
228475.0
4146.0
7168.0
5618.0
20694.0
9585.0
2797.0
23096.0
13881.0
6552.0
36446.0
4692.0
29589.0
18510.0
14560.0
24079.0
122063.0
46445.0
55621.0
60817.0
180593.0
5962.0
7705.0
8854.0
55221.0
9241.0
3673.0
25841.0
23337.0
4330.0
11878.0
4130.0
30598.0
17401.0
11748.0
26362.0
97195.0
52385.0
59962.0
64851.0
166278.0
2789.0
3378.0
3491.0
27933.0
3279.0
1028.0
10914.0
11170.0
3768.0
8099.0
1730.0
14845.0
30039.0
13933.0
25198.0
181882.0
30152.0
34532.0
33306.0
245486.0
1906.0
1708.0
8084.0
6671.0
1919.0
1288.0
11490.0
13449.0
1309.0
5925.0
1120.0
3875.0
5024.0
8490.0
4175.0
267043.0
15468.0
17211.0
15002.0
295795.0
7390.0
6523.0
6804.0
12788.0
9790.0
2975.0
23167.0
13435.0
18877.0
50252.0
4481.0
18230.0
61791.0
40147.0
26646.0
40180.0
74183.0
65957.0
67383.0
135953.0
4763.0
7993.0
9300.0
34375.0
8680.0
3078.0
46398.0
27489.0
9527.0
45491.0
2724.0
23203.0
42475.0
25093.0
22060.0
30827.0
72087.0
71168.0
77042.0
123179.0
4662.0
9119.0
10147.0
45586.0
8450.0
3687.0
50994.0
35681.0
6891.0
34807.0
2624.0
23105.0
34363.0
22720.0
22513.0
28127.0
69078.0
87087.0
66201.0
121110.0
2984.0
8288.0
5754.0
66778.0
5433.0
3547.0
31834.0
27066.0
5131.0
26624.0
1479.0
25373.0
36333.0
33090.0
16226.0
47536.0
63404.0
60724.0
79671.0
139677.0
3657.0
6978.0
4880.0
12266.0
4925.0
2742.0
1875.0
8242.0
2668.0
3360.0
2501.0
11673.0
6486.0
4119.0
6929.0
260175.0
15155.0
17462.0
24208.0
286651.0
3832.0
13011.0
2707.0
8760.0
9157.0
2073.0
2458.0
4035.0
2970.0
3183.0
2467.0
21614.0
21722.0
5188.0
20856.0
219443.0
26098.0
30736.0
34915.0
251727.0
6434.0
12469.0
6185.0
18570.0
10906.0
3469.0
17296.0
10644.0
11347.0
30733.0
5090.0
29985.0
42326.0
19114.0
26797.0
92111.0
53663.0
59675.0
63157.0
166981.0
4191.0
5745.0
9091.0
30685.0
5418.0
2224.0
47436.0
26503.0
4870.0
23028.0
3687.0
36232.0
14047.0
12930.0
28845.0
88544.0
54731.0
69886.0
52295.0
166564.0
2567.0
3100.0
3373.0
9279.0
3821.0
980.0
42662.0
10235.0
4732.0
25057.0
1490.0
16701.0
13554.0
17614.0
22734.0
165577.0
33842.0
39955.0
37228.0
232451.0
3773.0
6476.0
2370.0
9287.0
8230.0
3171.0
9798.0
6255.0
4463.0
3654.0
3177.0
8702.0
31660.0
11262.0
23731.0
207467.0
30703.0
27416.0
32019.0
253338.0
84.0
97.0
79.0
271.0
183.0
82.0
309.0
382.0
310.0
1360.0
150.0
1257.0
1426.0
2313.0
1928.0
333245.0
2668.0
1998.0
2582.0
336228.0
1531.0
2505.0
4375.0
18383.0
2226.0
1788.0
15118.0
33981.0
1211.0
4009.0
1723.0
16011.0
4030.0
6750.0
13598.0
216237.0
42455.0
45145.0
50658.0
205218.0
5627.0
9446.0
8534.0
39932.0
3804.0
4471.0
19550.0
40561.0
3669.0
14851.0
4411.0
38160.0
9551.0
15635.0
19701.0
105573.0
79431.0
67553.0
69496.0
126996.0
5161.0
9323.0
9495.0
33238.0
4353.0
3134.0
28730.0
33061.0
5127.0
35352.0
2818.0
34023.0
11255.0
23348.0
14469.0
90589.0
61133.0
67016.0
63510.0
151817.0
1165.0
2281.0
1362.0
6721.0
1538.0
1812.0
4276.0
14467.0
2524.0
13028.0
1716.0
24438.0
8294.0
27073.0
15567.0
442250.0
37765.0
100884.0
100051.0
329812.0
201.0
494.0
434.0
2354.0
332.0
510.0
1555.0
7616.0
434.0
2298.0
501.0
9238.0
1523.0
6997.0
6179.0
527846.0
6370.0
66191.0
66100.0
429851.0
1648.0
3191.0
3652.0
17008.0
2368.0
2474.0
11592.0
33832.0
2190.0
9154.0
2402.0
30378.0
6723.0
18722.0
20163.0
403015.0
59160.0
126148.0
126450.0
256754.0
6254.0
9025.0
10763.0
38283.0
7876.0
5849.0
33824.0
60080.0
7331.0
25286.0
6016.0
54877.0
19717.0
36173.0
43482.0
203676.0
143195.0
118323.0
113176.0
193818.0
9208.0
7813.0
14700.0
37436.0
11390.0
5714.0
66471.0
67053.0
6398.0
24736.0
5485.0
34556.0
27683.0
37096.0
46605.0
166168.0
110239.0
117685.0
105579.0
235009.0
2566.0
1507.0
2811.0
1099.0
2710.0
523.0
41039.0
6453.0
1420.0
5859.0
496.0
2470.0
1409.0
3502.0
5507.0
489141.0
15468.0
20358.0
24911.0
507775.0
4893.0
9833.0
4279.0
15448.0
10832.0
3121.0
20487.0
10548.0
7535.0
99254.0
4116.0
48422.0
9109.0
21344.0
23594.0
275697.0
61974.0
87918.0
68788.0
349832.0
6652.0
12083.0
9544.0
38203.0
16249.0
4353.0
39524.0
24008.0
11284.0
58352.0
6644.0
49330.0
36895.0
25735.0
41736.0
187920.0
77806.0
117729.0
108820.0
264157.0
9877.0
13432.0
15884.0
91300.0
13928.0
6085.0
42122.0
39698.0
8628.0
21148.0
7931.0
52160.0
28812.0
20951.0
43455.0
153101.0
92512.0
115694.0
103366.0
256940.0
4493.0
5827.0
6222.0
47412.0
5762.0
1883.0
18634.0
18203.0
6645.0
13471.0
2963.0
24751.0
51916.0
22586.0
42117.0
295627.0
52457.0
64283.0
60618.0
391154.0
4459.0
3447.0
14300.0
11259.0
3615.0
2777.0
19810.0
23771.0
3953.0
16708.0
2809.0
6989.0
12137.0
19620.0
8028.0
414830.0
30922.0
39194.0
34720.0
463676.0
12328.0
9995.0
12147.0
22376.0
15171.0
4697.0
36714.0
22178.0
32578.0
78171.0
7650.0
29079.0
109435.0
66653.0
45568.0
63772.0
121818.0
127551.0
116263.0
202880.0
7343.0
12738.0
14084.0
56366.0
13501.0
5276.0
70023.0
43097.0
14900.0
83458.0
4082.0
39342.0
73360.0
45068.0
36302.0
49572.0
110418.0
147811.0
124786.0
185497.0
7903.0
16390.0
17143.0
81378.0
13547.0
6145.0
88009.0
59648.0
11536.0
58520.0
4821.0
39184.0
51095.0
34691.0
34527.0
43975.0
117167.0
125872.0
130689.0
194784.0
3778.0
11315.0
8844.0
105305.0
7523.0
4431.0
55264.0
49991.0
7484.0
41322.0
2116.0
38273.0
60896.0
58711.0
29197.0
84062.0
99581.0
132284.0
108093.0
228554.0
6392.0
11142.0
8203.0
22242.0
7977.0
4210.0
3296.0
13982.0
4355.0
5215.0
3901.0
19366.0
10591.0
7149.0
11460.0
429031.0
25766.0
40190.0
37036.0
465520.0
6389.0
20607.0
4350.0
15667.0
14584.0
3576.0
5019.0
7619.0
4990.0
5497.0
4111.0
35903.0
36653.0
8545.0
34387.0
360615.0
45358.0
63953.0
55215.0
403986.0
10553.0
20000.0
9969.0
28142.0
17569.0
6178.0
28851.0
17917.0
18045.0
53836.0
9136.0
53599.0
71832.0
31546.0
45738.0
145601.0
86852.0
128745.0
99130.0
253785.0
6144.0
9012.0
16965.0
42820.0
8979.0
3311.0
83037.0
44437.0
7147.0
34888.0
6825.0
59202.0
21511.0
20260.0
48689.0
155285.0
94230.0
106115.0
95189.0
272978.0
4217.0
5235.0
5455.0
16410.0
6364.0
1636.0
65751.0
16822.0
7768.0
44581.0
2502.0
28246.0
24027.0
28161.0
39387.0
271950.0
56663.0
72232.0
69714.0
369903.0
6207.0
10522.0
3685.0
15706.0
12896.0
5163.0
16545.0
9923.0
8137.0
6225.0
5375.0
14559.0
51734.0
18390.0
39762.0
343683.0
48910.0
52214.0
48481.0
418907.0
168.0
187.0
151.0
450.0
343.0
200.0
504.0
678.0
475.0
2171.0
239.0
1938.0
2402.0
3934.0
3196.0
551476.0
4578.0
4016.0
3738.0
556180.0
2740.0
4536.0
7494.0
33288.0
4037.0
3282.0
26539.0
59477.0
2293.0
7620.0
2867.0
28056.0
7564.0
13123.0
25163.0
340433.0
80540.0
85697.0
86004.0
316271.0
9230.0
16259.0
14225.0
65032.0
6192.0
7243.0
31613.0
67020.0
5898.0
24937.0
7256.0
63839.0
15134.0
26154.0
31963.0
176517.0
133701.0
121821.0
111088.0
201902.0
8174.0
15998.0
14637.0
54004.0
7639.0
5743.0
45576.0
54065.0
8196.0
57887.0
5305.0
57615.0
18805.0
39310.0
24332.0
151226.0
97495.0
122220.0
107669.0
241128.0
127.0
197.0
128.0
567.0
130.0
156.0
350.0
1134.0
235.0
1026.0
195.0
1876.0
647.0
1960.0
1259.0
25545.0
4151.0
3260.0
2850.0
25271.0
30.0
42.0
54.0
228.0
41.0
50.0
153.0
747.0
43.0
219.0
64.0
877.0
136.0
737.0
643.0
31468.0
1154.0
2041.0
1615.0
30722.0
155.0
230.0
268.0
1263.0
202.0
166.0
889.0
2575.0
146.0
764.0
188.0
2307.0
535.0
1476.0
1590.0
22778.0
6083.0
4142.0
4226.0
21081.0
524.0
657.0
729.0
2347.0
573.0
500.0
2071.0
3625.0
514.0
1524.0
460.0
3390.0
1278.0
2403.0
2837.0
12100.0
11282.0
5198.0
4890.0
14162.0
664.0
573.0
918.0
2325.0
797.0
483.0
4015.0
4156.0
492.0
1396.0
369.0
2112.0
1581.0
2359.0
2831.0
10461.0
8706.0
6263.0
5054.0
15509.0
191.0
103.0
202.0
124.0
178.0
66.0
2452.0
507.0
73.0
403.0
36.0
185.0
112.0
324.0
375.0
30201.0
900.0
1161.0
590.0
32881.0
396.0
570.0
266.0
874.0
723.0
221.0
1208.0
534.0
497.0
5565.0
403.0
2821.0
484.0
1100.0
1526.0
18344.0
4407.0
3974.0
2824.0
24327.0
437.0
767.0
660.0
2501.0
1011.0
246.0
2456.0
1547.0
716.0
3385.0
422.0
2934.0
2134.0
1621.0
2734.0
11961.0
5032.0
5066.0
4934.0
20500.0
724.0
901.0
1088.0
5625.0
873.0
455.0
2545.0
2456.0
594.0
1263.0
565.0
3088.0
1765.0
1331.0
2542.0
9717.0
7082.0
5686.0
5432.0
17332.0
375.0
357.0
426.0
2778.0
444.0
137.0
1173.0
1195.0
470.0
882.0
232.0
1689.0
2993.0
1478.0
2399.0
18504.0
3346.0
4668.0
2757.0
24761.0
285.0
237.0
894.0
770.0
340.0
207.0
1604.0
1588.0
433.0
1595.0
180.0
468.0
1090.0
1635.0
573.0
23633.0
2118.0
3210.0
1467.0
28737.0
855.0
737.0
897.0
1723.0
1083.0
338.0
2712.0
1735.0
2020.0
5188.0
507.0
2002.0
5586.0
4046.0
2665.0
3438.0
8972.0
7145.0
5642.0
13773.0
624.0
911.0
916.0
2924.0
1020.0
389.0
4023.0
2453.0
1067.0
5065.0
317.0
2320.0
4938.0
2983.0
2433.0
3149.0
8133.0
6739.0
6846.0
13814.0
604.0
1106.0
1164.0
4792.0
944.0
380.0
5473.0
3883.0
859.0
3368.0
327.0
2299.0
3216.0
1954.0
2263.0
2900.0
9471.0
5620.0
8457.0
11984.0
306.0
713.0
581.0
7023.0
500.0
334.0
2742.0
3233.0
600.0
2336.0
181.0
2269.0
4347.0
3891.0
1737.0
4739.0
9118.0
10091.0
5897.0
10426.0
398.0
809.0
541.0
1306.0
522.0
292.0
183.0
942.0
296.0
351.0
275.0
1320.0
751.0
413.0
675.0
26458.0
2778.0
1476.0
1524.0
29754.0
492.0
1417.0
348.0
977.0
1051.0
285.0
489.0
595.0
496.0
457.0
354.0
2475.0
3256.0
802.0
2495.0
19543.0
4463.0
3750.0
2585.0
24734.0
809.0
1408.0
684.0
1728.0
1173.0
419.0
1859.0
1267.0
1147.0
4027.0
673.0
3421.0
4302.0
2083.0
2906.0
7626.0
6660.0
7112.0
5048.0
16712.0
421.0
696.0
1017.0
3277.0
600.0
236.0
5445.0
2560.0
482.0
2283.0
326.0
3997.0
1240.0
1263.0
2849.0
8840.0
8298.0
5872.0
5767.0
15595.0
394.0
369.0
384.0
1005.0
509.0
128.0
4217.0
1052.0
555.0
2845.0
177.0
1568.0
1636.0
1719.0
2457.0
16517.0
4993.0
4677.0
3235.0
22627.0
485.0
686.0
270.0
924.0
980.0
409.0
997.0
672.0
413.0
398.0
440.0
880.0
2924.0
1025.0
2531.0
21498.0
3995.0
2761.0
2926.0
25850.0
13.0
12.0
12.0
29.0
26.0
11.0
27.0
43.0
49.0
121.0
19.0
107.0
157.0
286.0
166.0
34454.0
293.0
239.0
175.0
34825.0
257.0
370.0
599.0
2463.0
311.0
306.0
1844.0
4212.0
197.0
615.0
254.0
2104.0
558.0
989.0
1875.0
18578.0
8098.0
3914.0
3618.0
19902.0
639.0
990.0
960.0
4004.0
436.0
483.0
1976.0
3882.0
467.0
1550.0
478.0
3805.0
1102.0
1728.0
2140.0
10892.0
10541.0
5565.0
5096.0
14330.0
604.0
1100.0
1017.0
3152.0
516.0
377.0
2955.0
3423.0
556.0
3447.0
381.0
3585.0
1126.0
2336.0
1636.0
9321.0
7819.0
7251.0
4321.0
16141.0
2283.0
4382.0
2755.0
12972.0
2835.0
3217.0
7840.0
23495.0
4772.0
23795.0
3190.0
40556.0
14707.0
44378.0
24618.0
352717.0
127938.0
84077.0
84015.0
272482.0
932.0
1860.0
1761.0
8089.0
1251.0
1569.0
5214.0
19805.0
1664.0
7935.0
1797.0
24742.0
4927.0
18695.0
16670.0
451601.0
76979.0
69949.0
69473.0
352111.0
2515.0
4697.0
5199.0
24324.0
3279.0
3315.0
15671.0
43536.0
3085.0
13379.0
3295.0
40143.0
8798.0
24495.0
25635.0
347146.0
137688.0
82065.0
83990.0
264769.0
6109.0
9102.0
10679.0
39478.0
7440.0
5626.0
32357.0
59556.0
7173.0
25771.0
6026.0
56974.0
19460.0
37349.0
42992.0
202420.0
176492.0
81334.0
83943.0
226743.0
9165.0
8150.0
14679.0
41161.0
11440.0
5856.0
63421.0
68826.0
6631.0
23020.0
5689.0
36921.0
24833.0
32966.0
45531.0
170223.0
137985.0
87324.0
94920.0
248283.0
2514.0
1615.0
2766.0
2100.0
2855.0
1122.0
39324.0
9398.0
1261.0
6570.0
961.0
7164.0
2786.0
10711.0
8470.0
468895.0
25592.0
31387.0
32164.0
479369.0
5492.0
10474.0
5108.0
15582.0
10602.0
3145.0
22291.0
13190.0
8037.0
105643.0
4692.0
52162.0
11833.0
23275.0
26305.0
250681.0
75106.0
79003.0
68130.0
346273.0
7405.0
11890.0
9720.0
38568.0
18523.0
4473.0
43234.0
25646.0
10513.0
58365.0
6385.0
47991.0
43528.0
26232.0
44906.0
171133.0
104656.0
91053.0
85425.0
287378.0
12328.0
17127.0
15039.0
91222.0
16635.0
6758.0
41300.0
39135.0
8850.0
25365.0
8302.0
55704.0
25956.0
22352.0
46282.0
136157.0
113638.0
88669.0
90160.0
276045.0
4037.0
5973.0
5952.0
53452.0
5198.0
1643.0
16598.0
17497.0
5789.0
18207.0
2847.0
30408.0
51066.0
23169.0
42270.0
284406.0
54399.0
59506.0
59478.0
395129.0
4607.0
3778.0
14969.0
12448.0
4440.0
2606.0
22898.0
25758.0
4413.0
19594.0
2876.0
7756.0
13036.0
21563.0
9687.0
398083.0
37945.0
33588.0
32842.0
464137.0
12239.0
9980.0
12054.0
20456.0
16080.0
4792.0
40582.0
24464.0
31968.0
73814.0
7640.0
27908.0
106992.0
64930.0
49066.0
65547.0
138858.0
104455.0
94831.0
230368.0
8033.0
14632.0
13197.0
53110.0
13243.0
5120.0
58823.0
37836.0
14708.0
86231.0
4611.0
42590.0
78001.0
48108.0
36770.0
53499.0
135567.0
113182.0
100854.0
218909.0
8291.0
17268.0
16595.0
83919.0
13259.0
6725.0
87013.0
59604.0
11860.0
59206.0
4628.0
40441.0
47933.0
34268.0
33832.0
43670.0
136138.0
103230.0
106116.0
223028.0
3562.0
9907.0
9961.0
96817.0
8705.0
4773.0
60175.0
56958.0
7041.0
42236.0
1930.0
31433.0
67159.0
59219.0
31855.0
76781.0
114937.0
96596.0
103118.0
253861.0
6392.0
11168.0
8102.0
21633.0
7821.0
4227.0
3016.0
15343.0
4827.0
4839.0
4023.0
20299.0
11098.0
7408.0
11025.0
427291.0
26922.0
29426.0
30877.0
481287.0
6837.0
20437.0
3961.0
13984.0
14898.0
3993.0
4502.0
6624.0
5628.0
5100.0
4465.0
34444.0
29419.0
8031.0
32232.0
373957.0
45376.0
42252.0
44659.0
436225.0
10805.0
19473.0
8759.0
25766.0
19633.0
6552.0
25330.0
18444.0
15643.0
53886.0
8305.0
50397.0
62688.0
29865.0
45848.0
167118.0
97981.0
86562.0
83705.0
300264.0
6570.0
8415.0
16232.0
35404.0
9577.0
3300.0
87881.0
41785.0
7833.0
30093.0
6185.0
56743.0
23152.0
20870.0
50820.0
163652.0
114376.0
78979.0
83321.0
291836.0
4462.0
5512.0
5871.0
17388.0
6625.0
1686.0
63863.0
18639.0
8151.0
50394.0
2901.0
34058.0
25868.0
34393.0
40263.0
248438.0
66542.0
70216.0
71099.0
360655.0
6169.0
10992.0
3759.0
16319.0
13851.0
5578.0
16460.0
10116.0
8250.0
6170.0
5947.0
14650.0
50954.0
18852.0
40621.0
339824.0
63026.0
40307.0
40034.0
425145.0
168.0
166.0
201.0
438.0
398.0
173.0
679.0
758.0
473.0
2422.0
229.0
1972.0
2902.0
4028.0
3303.0
550202.0
5728.0
3147.0
3003.0
556634.0
3123.0
4686.0
8609.0
36993.0
4526.0
3540.0
31540.0
68414.0
2349.0
7221.0
2939.0
28446.0
7782.0
12656.0
27803.0
317885.0
115784.0
59559.0
62979.0
330190.0
8859.0
14659.0
13950.0
62296.0
6164.0
7234.0
32705.0
63934.0
5633.0
20519.0
7585.0
62045.0
16961.0
24488.0
35885.0
185595.0
160483.0
80390.0
87150.0
240489.0
10222.0
14874.0
16563.0
54638.0
8565.0
5785.0
49817.0
54099.0
9558.0
60138.0
5878.0
54742.0
21460.0
36776.0
27748.0
137649.0
116858.0
100984.0
104654.0
246016.0
536.0
1130.0
749.0
3686.0
674.0
828.0
2191.0
7022.0
1089.0
5557.0
765.0
10684.0
3290.0
10673.0
6218.0
110724.0
38948.0
22531.0
15904.0
88433.0
424.0
775.0
869.0
3993.0
682.0
777.0
3120.0
9442.0
744.0
3294.0
786.0
9532.0
2390.0
7877.0
7116.0
113995.0
44423.0
19460.0
15486.0
86447.0
1256.0
2333.0
2404.0
9589.0
1605.0
1500.0
7360.0
15761.0
1593.0
6877.0
1383.0
15369.0
4452.0
9908.0
10335.0
74091.0
50136.0
25157.0
18798.0
71725.0
2304.0
2494.0
3599.0
10113.0
3121.0
1934.0
14981.0
17388.0
2252.0
6106.0
1853.0
13104.0
6667.0
10491.0
14353.0
55056.0
47609.0
27477.0
22474.0
68256.0
2295.0
2849.0
3346.0
11596.0
3573.0
2039.0
14447.0
14985.0
2545.0
10197.0
1162.0
9613.0
14115.0
16187.0
12392.0
44475.0
32195.0
33184.0
24150.0
76287.0
1283.0
1388.0
1195.0
1512.0
1816.0
569.0
13876.0
3195.0
1736.0
17126.0
577.0
3942.0
3067.0
7160.0
3861.0
103513.0
13787.0
17659.0
15995.0
118375.0
2135.0
4034.0
2979.0
9134.0
4456.0
1180.0
13259.0
6136.0
4142.0
29390.0
2355.0
20173.0
6690.0
8821.0
11885.0
39047.0
28029.0
37428.0
22663.0
77696.0
3002.0
3927.0
4101.0
17240.0
6293.0
2164.0
12097.0
9390.0
4419.0
13246.0
2439.0
13409.0
14959.0
9038.0
14210.0
35882.0
32102.0
32104.0
26248.0
75362.0
2281.0
3640.0
3770.0
26539.0
2614.0
1321.0
9644.0
10252.0
1516.0
3435.0
1594.0
11419.0
9691.0
5046.0
12062.0
60992.0
21915.0
25031.0
20151.0
98719.0
1952.0
3094.0
2042.0
16525.0
2647.0
910.0
6039.0
6028.0
3031.0
10256.0
663.0
9287.0
16988.0
8936.0
9048.0
68370.0
18981.0
26923.0
16980.0
102932.0
1147.0
888.0
718.0
1080.0
1734.0
440.0
2862.0
1204.0
5164.0
13524.0
701.0
2644.0
19411.0
13288.0
5737.0
95274.0
16612.0
18595.0
12402.0
118207.0
3142.0
3287.0
4821.0
14507.0
4779.0
1389.0
18360.0
11934.0
5517.0
15719.0
1735.0
10375.0
26898.0
12844.0
14296.0
16213.0
34176.0
35893.0
30453.0
65294.0
2231.0
4833.0
4003.0
19698.0
3474.0
1364.0
16184.0
11969.0
4597.0
25873.0
1316.0
14656.0
20395.0
11755.0
9639.0
13829.0
37546.0
33847.0
30987.0
63436.0
2061.0
4997.0
4185.0
25048.0
3579.0
1941.0
25976.0
17181.0
3161.0
19383.0
1052.0
11142.0
13838.0
10847.0
8523.0
12902.0
35726.0
32675.0
34360.0
63055.0
1594.0
2962.0
2992.0
17269.0
1914.0
996.0
13905.0
18153.0
3828.0
15208.0
881.0
9292.0
22395.0
24790.0
6986.0
22651.0
30629.0
37386.0
25019.0
72782.0
1687.0
4416.0
1624.0
5749.0
2700.0
1237.0
608.0
3255.0
756.0
1114.0
954.0
7299.0
2078.0
1167.0
3738.0
127434.0
6628.0
13094.0
7311.0
138783.0
2032.0
5955.0
1508.0
5433.0
4769.0
1349.0
3132.0
2694.0
1933.0
2652.0
1830.0
11234.0
8049.0
2441.0
9794.0
101011.0
14601.0
20664.0
14633.0
115918.0
3340.0
3959.0
4976.0
11849.0
4641.0
1949.0
14327.0
11124.0
5255.0
13677.0
2958.0
12617.0
16659.0
9700.0
15611.0
33174.0
36084.0
32176.0
27764.0
69792.0
1360.0
1906.0
2670.0
7626.0
2223.0
527.0
28099.0
7891.0
1602.0
10067.0
1127.0
16365.0
4230.0
4807.0
12503.0
62813.0
23377.0
23928.0
24734.0
93777.0
2042.0
3052.0
2783.0
8963.0
3172.0
1012.0
14002.0
7219.0
3986.0
18841.0
975.0
7454.0
13774.0
10628.0
12953.0
54960.0
21806.0
32587.0
22192.0
89231.0
1968.0
3134.0
1105.0
4605.0
3701.0
1767.0
5272.0
3080.0
2350.0
1630.0
1770.0
4402.0
14264.0
5198.0
11570.0
100000.0
18106.0
12967.0
10008.0
124735.0
178.0
240.0
534.0
2242.0
262.0
227.0
1948.0
4995.0
234.0
1007.0
176.0
1954.0
1140.0
1646.0
2179.0
146854.0
8652.0
5093.0
4422.0
147649.0
1510.0
2619.0
3259.0
15038.0
1792.0
1621.0
9283.0
22997.0
1495.0
5493.0
1611.0
16444.0
3920.0
7819.0
10561.0
60354.0
57097.0
24569.0
17174.0
66976.0
2114.0
4679.0
3985.0
19414.0
1564.0
1835.0
6389.0
17405.0
1815.0
9026.0
1964.0
21118.0
4248.0
8951.0
8004.0
53305.0
49163.0
29835.0
18067.0
68751.0
2321.0
3913.0
4202.0
16098.0
2589.0
1547.0
13400.0
12963.0
2719.0
18179.0
1640.0
16101.0
8130.0
13492.0
8247.0
40275.0
31082.0
37322.0
24753.0
72659.0
1952.0
3520.0
2283.0
9677.0
2313.0
2237.0
5701.0
13583.0
3937.0
19378.0
2225.0
28217.0
11870.0
31966.0
15222.0
106487.0
55160.0
34613.0
46680.0
124115.0
2202.0
3708.0
3335.0
13106.0
2745.0
2482.0
9387.0
20724.0
3509.0
14066.0
2452.0
26604.0
9453.0
22078.0
17202.0
107515.0
57225.0
33429.0
46561.0
123353.0
2041.0
3705.0
3688.0
15666.0
2535.0
2402.0
10520.0
24025.0
2871.0
11999.0
2484.0
27628.0
7687.0
17861.0
16856.0
108600.0
56889.0
33937.0
47549.0
122193.0
3077.0
4022.0
5163.0
17513.0
3181.0
2497.0
17633.0
28081.0
2976.0
11603.0
2722.0
25847.0
7116.0
14770.0
17572.0
96795.0
56348.0
35454.0
48192.0
120574.0
3574.0
3463.0
6179.0
22756.0
4130.0
2455.0
22147.0
35414.0
2612.0
7567.0
2447.0
20594.0
10679.0
12722.0
18873.0
84956.0
44947.0
37751.0
48800.0
129070.0
3545.0
3606.0
4276.0
9124.0
3876.0
2218.0
26107.0
14302.0
3528.0
13230.0
2138.0
17670.0
10080.0
21111.0
13578.0
112179.0
44696.0
27877.0
47830.0
140165.0
3477.0
4836.0
2971.0
7171.0
5368.0
1863.0
14087.0
7386.0
4818.0
54266.0
2141.0
20789.0
9456.0
17293.0
11407.0
93239.0
31220.0
50158.0
31948.0
147242.0
4058.0
6028.0
5834.0
15738.0
8431.0
2261.0
29095.0
13877.0
6049.0
33735.0
3338.0
26847.0
20088.0
13807.0
20551.0
50831.0
38612.0
52626.0
45922.0
123408.0
3858.0
5357.0
6443.0
38893.0
7399.0
2382.0
17542.0
16291.0
3747.0
12390.0
3095.0
25101.0
17989.0
11157.0
23708.0
65216.0
38355.0
46018.0
38668.0
137527.0
1660.0
2616.0
3810.0
33807.0
2230.0
892.0
9617.0
11846.0
1857.0
3905.0
1573.0
13028.0
15656.0
7212.0
20023.0
130836.0
17641.0
25728.0
27043.0
190156.0
2532.0
2413.0
8134.0
10202.0
1833.0
1868.0
10561.0
14722.0
1338.0
4112.0
1689.0
5407.0
3374.0
7404.0
4376.0
180603.0
17096.0
13795.0
25203.0
204474.0
4272.0
3596.0
4093.0
5800.0
6518.0
1881.0
13970.0
7029.0
12795.0
31099.0
3013.0
10781.0
52488.0
30753.0
24268.0
48212.0
41247.0
53473.0
45535.0
120313.0
3236.0
5014.0
7010.0
28169.0
5831.0
2082.0
30297.0
21530.0
6593.0
34243.0
1991.0
18346.0
31103.0
19595.0
19361.0
26167.0
44580.0
64281.0
54352.0
97355.0
3263.0
6685.0
6475.0
32641.0
4618.0
2379.0
26841.0
22449.0
5819.0
35155.0
1983.0
23687.0
30013.0
20685.0
13781.0
24094.0
43314.0
62452.0
46849.0
107953.0
1853.0
4863.0
6121.0
44973.0
4284.0
2182.0
39283.0
37941.0
3555.0
21311.0
1085.0
13929.0
19908.0
17740.0
12508.0
29032.0
27525.0
48601.0
60652.0
123790.0
3380.0
5693.0
4255.0
14041.0
4008.0
3171.0
2325.0
9032.0
2733.0
3540.0
2814.0
12620.0
7292.0
6393.0
6913.0
172358.0
16077.0
23365.0
20138.0
200988.0
3119.0
9882.0
1474.0
7691.0
6343.0
1982.0
1248.0
2231.0
1452.0
1935.0
1983.0
14753.0
5509.0
1699.0
9886.0
189381.0
13887.0
21630.0
15031.0
210020.0
4146.0
11076.0
3582.0
8959.0
8521.0
2548.0
7474.0
4749.0
6659.0
14096.0
4083.0
20418.0
27503.0
11124.0
20321.0
105309.0
28898.0
43864.0
36015.0
151791.0
3244.0
4036.0
6848.0
14840.0
4685.0
1860.0
25321.0
15808.0
5000.0
14382.0
3945.0
26856.0
15401.0
12152.0
24896.0
81294.0
35518.0
39550.0
48309.0
137191.0
1195.0
1337.0
2848.0
7921.0
2101.0
505.0
36502.0
11991.0
1650.0
12005.0
972.0
17645.0
4785.0
6524.0
15725.0
136862.0
17077.0
24207.0
37491.0
181793.0
3147.0
4859.0
2466.0
8492.0
6898.0
2455.0
9267.0
4920.0
3976.0
3694.0
2697.0
7142.0
31876.0
10682.0
20191.0
137806.0
19758.0
23466.0
21183.0
196161.0
70.0
190.0
54.0
408.0
210.0
119.0
205.0
348.0
163.0
1787.0
58.0
1132.0
2054.0
2315.0
1582.0
249873.0
2091.0
1724.0
1988.0
254765.0
1375.0
1978.0
4292.0
14662.0
2467.0
1877.0
18506.0
36510.0
1040.0
2949.0
1590.0
12147.0
3656.0
6500.0
15714.0
135305.0
40499.0
25471.0
40413.0
154185.0
3489.0
5414.0
6493.0
25705.0
2958.0
3328.0
19002.0
39175.0
1771.0
5821.0
3021.0
22992.0
6224.0
9231.0
15728.0
90216.0
47489.0
34612.0
49355.0
129112.0
4394.0
7361.0
6404.0
24273.0
3237.0
2875.0
20050.0
24252.0
3646.0
24995.0
3059.0
29307.0
9042.0
13386.0
15292.0
68995.0
34853.0
51946.0
47699.0
126070.0
620.0
1287.0
955.0
4519.0
790.0
934.0
2674.0
8932.0
1322.0
6633.0
927.0
13216.0
3727.0
12780.0
8005.0
145871.0
24199.0
45871.0
47416.0
95706.0
633.0
1230.0
1273.0
5450.0
1000.0
1102.0
4219.0
13005.0
1063.0
4641.0
1166.0
13197.0
3492.0
11341.0
10297.0
140083.0
29592.0
46303.0
48988.0
88309.0
1476.0
2718.0
2887.0
11347.0
2074.0
1805.0
8625.0
19448.0
2139.0
8567.0
1965.0
19424.0
5843.0
13388.0
13720.0
97766.0
45985.0
40568.0
46099.0
80540.0
3109.0
3115.0
4813.0
13489.0
4116.0
2340.0
18304.0
22211.0
2783.0
7170.0
2565.0
16890.0
10219.0
12803.0
19875.0
69390.0
51228.0
37270.0
45792.0
78902.0
3206.0
3687.0
4326.0
11738.0
4007.0
2281.0
19923.0
18617.0
3368.0
14789.0
1930.0
12342.0
14686.0
21285.0
14725.0
62282.0
34395.0
44525.0
42299.0
91973.0
1600.0
2306.0
1774.0
2696.0
2821.0
957.0
14391.0
4415.0
2585.0
30833.0
1085.0
9538.0
3956.0
9277.0
5986.0
118972.0
16963.0
31119.0
23352.0
141758.0
3274.0
5829.0
3677.0
12855.0
7540.0
2319.0
18206.0
9579.0
3986.0
30095.0
3334.0
24150.0
8739.0
9528.0
17546.0
52535.0
34537.0
42539.0
42923.0
93193.0
4261.0
6271.0
5833.0
27845.0
9041.0
3036.0
11122.0
12444.0
4439.0
13328.0
3844.0
21039.0
17852.0
11121.0
17875.0
43841.0
38792.0
43932.0
41540.0
88928.0
2108.0
2867.0
3575.0
28255.0
2702.0
1275.0
11908.0
11585.0
1800.0
3559.0
1738.0
11864.0
12216.0
6767.0
16757.0
94216.0
23827.0
25476.0
32663.0
131226.0
3320.0
3955.0
3473.0
18757.0
4349.0
1496.0
8195.0
8958.0
4280.0
12194.0
1257.0
9918.0
30429.0
14880.0
13047.0
74684.0
23189.0
45281.0
33813.0
110909.0
2568.0
2109.0
1696.0
2625.0
3396.0
1057.0
5319.0
2964.0
10749.0
26115.0
1663.0
6041.0
40027.0
26138.0
13121.0
67604.0
29177.0
42939.0
21673.0
119403.0
3404.0
4469.0
6626.0
23606.0
5767.0
1849.0
27440.0
17981.0
6019.0
21019.0
2003.0
14638.0
27218.0
14197.0
16539.0
20417.0
43120.0
45400.0
49212.0
75460.0
2945.0
5755.0
4815.0
23350.0
4610.0
1981.0
20052.0
15261.0
5620.0
34759.0
1671.0
16031.0
28100.0
18240.0
12296.0
17706.0
41350.0
51184.0
46239.0
74419.0
1696.0
4419.0
5958.0
40758.0
3314.0
1756.0
37439.0
30501.0
2980.0
15944.0
1081.0
10866.0
17234.0
13300.0
9864.0
16082.0
44218.0
34535.0
57292.0
77147.0
2829.0
5514.0
4536.0
24227.0
2723.0
1635.0
11300.0
17448.0
5431.0
25220.0
1433.0
16807.0
27016.0
33017.0
7765.0
26291.0
41169.0
51850.0
35767.0
84406.0
2530.0
6331.0
1708.0
6670.0
4442.0
1229.0
885.0
3432.0
1190.0
1638.0
1290.0
10481.0
3524.0
1689.0
7078.0
159075.0
12271.0
11826.0
9911.0
179184.0
2956.0
8814.0
2572.0
6414.0
7076.0
2070.0
7160.0
3690.0
4013.0
7924.0
2589.0
18121.0
20786.0
6362.0
17353.0
95292.0
21922.0
32181.0
23916.0
135173.0
4192.0
5368.0
6595.0
13778.0
4797.0
2012.0
22634.0
14421.0
6389.0
16675.0
3571.0
21055.0
16950.0
12486.0
20892.0
41377.0
39560.0
40468.0
42864.0
90300.0
1632.0
1685.0
4112.0
9420.0
2610.0
476.0
37396.0
9966.0
2146.0
11796.0
1300.0
17907.0
4579.0
4615.0
15090.0
88462.0
22402.0
22466.0
38823.0
129501.0
3489.0
3763.0
3891.0
8881.0
4344.0
1510.0
24593.0
9719.0
6730.0
29282.0
1293.0
8570.0
16740.0
17986.0
14008.0
58393.0
26145.0
51476.0
42496.0
93075.0
2235.0
4230.0
1522.0
5485.0
5020.0
2008.0
6552.0
3921.0
2838.0
2273.0
2060.0
5738.0
19407.0
6669.0
14822.0
128412.0
18596.0
18237.0
19054.0
157305.0
384.0
632.0
1103.0
4858.0
684.0
472.0
4419.0
9753.0
511.0
1885.0
492.0
4761.0
2105.0
3153.0
4994.0
172986.0
13219.0
14183.0
16797.0
168993.0
2471.0
3611.0
4850.0
18366.0
2557.0
2373.0
11793.0
28918.0
2220.0
7226.0
2485.0
20860.0
5219.0
10581.0
13902.0
75760.0
54569.0
38559.0
47322.0
72742.0
3748.0
6769.0
5322.0
22541.0
2616.0
2804.0
11114.0
20082.0
3072.0
15857.0
2738.0
26519.0
8032.0
11638.0
12060.0
58280.0
43650.0
44602.0
45570.0
79370.0
2371.0
3665.0
4454.0
18622.0
2669.0
1464.0
15410.0
14880.0
3914.0
22138.0
1950.0
20491.0
11005.0
19089.0
11309.0
59761.0
29994.0
48106.0
45203.0
89889.0
1473.0
1413.0
1738.0
3429.0
2594.0
1164.0
9552.0
5867.0
2056.0
5866.0
1118.0
6047.0
5356.0
8265.0
7378.0
43280.0
18784.0
20420.0
14196.0
53196.0
1951.0
2574.0
2036.0
4437.0
4042.0
1136.0
7293.0
5454.0
2128.0
6356.0
1272.0
7817.0
5214.0
5365.0
8192.0
41329.0
16383.0
22928.0
17759.0
49526.0
1724.0
2214.0
2224.0
9524.0
2690.0
1119.0
5017.0
7255.0
1729.0
5679.0
1453.0
10671.0
6151.0
5726.0
7844.0
35576.0
19346.0
20802.0
22459.0
43989.0
1523.0
1966.0
2322.0
8550.0
2146.0
1262.0
11123.0
10914.0
1501.0
4697.0
1269.0
10886.0
3968.0
5546.0
7483.0
31440.0
19563.0
23256.0
18672.0
45105.0
1131.0
1427.0
1547.0
5989.0
1649.0
620.0
9773.0
5116.0
2169.0
9348.0
1148.0
7660.0
8559.0
6845.0
13627.0
29988.0
10379.0
33129.0
21299.0
41789.0
385.0
1018.0
236.0
1172.0
414.0
343.0
659.0
944.0
1408.0
17090.0
241.0
4592.0
2307.0
8798.0
1276.0
65713.0
7174.0
3344.0
23666.0
72412.0
1135.0
2823.0
1802.0
9800.0
1118.0
728.0
5456.0
7478.0
1764.0
14981.0
828.0
17052.0
5104.0
8417.0
4216.0
23894.0
16591.0
13494.0
40186.0
36325.0
1271.0
2382.0
1785.0
10185.0
2077.0
1584.0
7498.0
8091.0
2741.0
11483.0
653.0
6669.0
12568.0
14242.0
3619.0
19748.0
14697.0
24390.0
30031.0
37478.0
832.0
1927.0
2173.0
18063.0
1643.0
565.0
11761.0
10227.0
1172.0
7406.0
594.0
12545.0
5407.0
4249.0
6426.0
21606.0
12976.0
25503.0
33086.0
35031.0
1783.0
2223.0
2812.0
22604.0
2221.0
695.0
4374.0
7397.0
3453.0
4849.0
1240.0
9414.0
16199.0
6071.0
6893.0
14368.0
13132.0
30751.0
32435.0
30278.0
1223.0
1731.0
710.0
2196.0
2244.0
1008.0
2825.0
2437.0
3521.0
12846.0
772.0
5788.0
15713.0
17877.0
7843.0
27862.0
16529.0
18745.0
26841.0
44481.0
1110.0
1844.0
2104.0
8006.0
1784.0
1013.0
11056.0
10453.0
1984.0
8826.0
809.0
7843.0
7477.0
11004.0
8153.0
23130.0
22238.0
14818.0
27939.0
41601.0
1500.0
2674.0
1736.0
10036.0
2518.0
1244.0
9260.0
7528.0
2091.0
14939.0
779.0
7314.0
8719.0
9652.0
5437.0
21169.0
12923.0
25244.0
31163.0
37266.0
962.0
1826.0
2202.0
15180.0
1727.0
524.0
11608.0
11957.0
2466.0
13533.0
497.0
5644.0
12510.0
10228.0
5147.0
10585.0
14390.0
33474.0
29883.0
28849.0
671.0
1473.0
2173.0
11403.0
1376.0
528.0
13761.0
14997.0
1709.0
13223.0
343.0
5197.0
9683.0
12326.0
5396.0
12337.0
13314.0
28759.0
28679.0
35844.0
1775.0
3174.0
965.0
4028.0
2265.0
850.0
1093.0
1546.0
1790.0
2693.0
957.0
4687.0
10298.0
4426.0
4880.0
61169.0
8171.0
15881.0
15413.0
67131.0
1565.0
3533.0
1550.0
5130.0
3340.0
907.0
7527.0
5160.0
1930.0
5474.0
998.0
6474.0
14097.0
6205.0
10283.0
32423.0
11986.0
33538.0
18487.0
42585.0
1391.0
2537.0
2052.0
5842.0
2660.0
990.0
14941.0
5289.0
2349.0
15897.0
848.0
5616.0
10846.0
6846.0
9775.0
18717.0
12084.0
35625.0
28076.0
30811.0
1429.0
2047.0
2705.0
11144.0
1863.0
965.0
13799.0
9136.0
1668.0
7953.0
1144.0
9027.0
5251.0
5580.0
10538.0
22347.0
13735.0
33964.0
22935.0
35962.0
2290.0
2086.0
3356.0
6069.0
2409.0
768.0
18691.0
7096.0
4344.0
14579.0
1350.0
8199.0
8687.0
5676.0
7664.0
13332.0
12019.0
38591.0
29691.0
26295.0
983.0
1156.0
1444.0
3101.0
1909.0
1002.0
11409.0
6646.0
1850.0
5075.0
1040.0
6316.0
7269.0
10013.0
11703.0
35680.0
22641.0
16029.0
18789.0
49137.0
2010.0
3195.0
2158.0
5905.0
3744.0
1409.0
10947.0
6032.0
2446.0
5032.0
1812.0
7133.0
12442.0
6298.0
14793.0
21240.0
14101.0
18804.0
16336.0
57355.0
1211.0
1856.0
1565.0
3424.0
2317.0
985.0
6654.0
6631.0
1706.0
4465.0
1289.0
6018.0
7588.0
7400.0
14216.0
39271.0
20741.0
16826.0
20076.0
48953.0
1081.0
884.0
2097.0
4445.0
2182.0
1104.0
9518.0
10506.0
1167.0
1888.0
1287.0
4358.0
5950.0
5696.0
15621.0
38812.0
22456.0
17616.0
17540.0
48984.0
1877.0
2776.0
3585.0
13289.0
1890.0
1213.0
11368.0
10383.0
1646.0
6298.0
1288.0
10770.0
4726.0
4988.0
7007.0
23492.0
15618.0
22823.0
25635.0
42520.0
1011.0
1034.0
1072.0
2400.0
1509.0
641.0
6038.0
3881.0
1057.0
3654.0
670.0
3766.0
2494.0
3901.0
4107.0
33829.0
10811.0
8244.0
12696.0
39313.0
1292.0
1970.0
1204.0
4310.0
2828.0
677.0
3745.0
3012.0
1290.0
6308.0
880.0
7079.0
3239.0
2832.0
4872.0
25526.0
10587.0
17205.0
12850.0
30422.0
1158.0
1810.0
1579.0
7724.0
1987.0
736.0
3468.0
4440.0
1137.0
3221.0
991.0
7348.0
4224.0
3071.0
5490.0
22680.0
12432.0
17553.0
12908.0
28171.0
1047.0
1251.0
1786.0
5056.0
1572.0
821.0
10344.0
6176.0
1240.0
4861.0
870.0
5607.0
3350.0
3686.0
5300.0
18097.0
10517.0
15617.0
14483.0
30447.0
1295.0
1394.0
1810.0
5655.0
1426.0
551.0
6133.0
3643.0
2966.0
7198.0
1302.0
5460.0
7305.0
4933.0
8137.0
11856.0
7028.0
20908.0
8419.0
34709.0
427.0
1123.0
317.0
1453.0
460.0
343.0
810.0
1318.0
1418.0
14055.0
233.0
4575.0
2343.0
8106.0
1396.0
32687.0
7175.0
10944.0
12928.0
40017.0
713.0
1652.0
1400.0
7808.0
884.0
553.0
4831.0
6696.0
1088.0
7437.0
537.0
9149.0
4482.0
6070.0
3612.0
14152.0
15120.0
26160.0
12886.0
16898.0
871.0
1441.0
1015.0
4953.0
1586.0
1012.0
5243.0
4993.0
2003.0
8812.0
420.0
3287.0
9345.0
11146.0
3022.0
11915.0
8071.0
15497.0
32221.0
15275.0
566.0
1111.0
1583.0
11476.0
762.0
348.0
7976.0
7799.0
1007.0
3866.0
497.0
8067.0
4429.0
3943.0
4175.0
13459.0
7525.0
30397.0
13348.0
19794.0
1215.0
1511.0
1951.0
12976.0
1397.0
458.0
2649.0
6295.0
2197.0
3188.0
782.0
5184.0
11316.0
5529.0
4306.0
10110.0
9554.0
21205.0
18240.0
22065.0
1045.0
1272.0
738.0
1947.0
1552.0
627.0
2700.0
2247.0
2587.0
8551.0
575.0
4145.0
12002.0
9909.0
5802.0
15365.0
13779.0
7568.0
28882.0
20835.0
844.0
1330.0
1549.0
6034.0
1353.0
595.0
7689.0
6973.0
1525.0
6589.0
530.0
5354.0
5431.0
7013.0
5699.0
12556.0
14429.0
20121.0
17988.0
18526.0
992.0
1860.0
1248.0
6574.0
1393.0
891.0
5190.0
4576.0
2144.0
10333.0
543.0
5071.0
6729.0
7375.0
3355.0
12790.0
7381.0
22266.0
20411.0
21006.0
598.0
1595.0
1696.0
12278.0
1117.0
501.0
6769.0
7263.0
1516.0
8164.0
385.0
5485.0
7328.0
6079.0
3296.0
6994.0
5830.0
30652.0
19353.0
15229.0
438.0
630.0
1456.0
5672.0
894.0
288.0
12111.0
11951.0
1176.0
8849.0
267.0
2538.0
4727.0
7540.0
3983.0
8544.0
4972.0
26909.0
20345.0
18838.0
1288.0
2374.0
726.0
3051.0
1736.0
596.0
1151.0
1421.0
1245.0
1898.0
650.0
3749.0
6335.0
2788.0
3667.0
38389.0
7012.0
10421.0
12376.0
41255.0
1295.0
3040.0
1081.0
2965.0
3184.0
696.0
4779.0
2585.0
1239.0
3510.0
914.0
4984.0
8615.0
3153.0
8192.0
20832.0
9469.0
15395.0
23194.0
23006.0
1045.0
1572.0
1542.0
3156.0
2047.0
585.0
10922.0
3074.0
1616.0
10156.0
628.0
3632.0
5909.0
3647.0
6140.0
15393.0
8420.0
15022.0
24551.0
23071.0
1364.0
1672.0
1907.0
5852.0
1651.0
793.0
11037.0
6698.0
1113.0
3515.0
833.0
5109.0
3650.0
2819.0
7924.0
15127.0
10982.0
17918.0
14580.0
27584.0
1550.0
1588.0
2130.0
4319.0
1347.0
572.0
9613.0
4610.0
2922.0
9942.0
842.0
8224.0
4441.0
4143.0
3819.0
11002.0
7001.0
26746.0
13060.0
24257.0
762.0
778.0
1070.0
2003.0
1435.0
678.0
9027.0
4456.0
1187.0
3363.0
649.0
3630.0
5451.0
5904.0
8870.0
21801.0
15283.0
15086.0
9845.0
30850.0
1031.0
1523.0
1364.0
3265.0
2033.0
882.0
5828.0
4215.0
1800.0
2861.0
1322.0
3834.0
8850.0
5024.0
11394.0
15838.0
12493.0
16087.0
8451.0
34033.0
745.0
979.0
1206.0
2158.0
1354.0
601.0
5806.0
5075.0
964.0
2164.0
950.0
3575.0
4332.0
4013.0
11551.0
25591.0
16497.0
12404.0
12405.0
29758.0
919.0
674.0
1632.0
3536.0
1580.0
669.0
8936.0
8611.0
769.0
1238.0
767.0
2594.0
3897.0
3076.0
9970.0
22196.0
16878.0
10405.0
14745.0
29036.0
1104.0
1776.0
2747.0
10274.0
1316.0
493.0
11148.0
6993.0
1351.0
5769.0
711.0
5453.0
5147.0
3534.0
4634.0
8614.0
7007.0
23393.0
8909.0
31755.0
